113.46838697681069
136.18878290129695
133.8733175049445
126.65686704212817
125.14500332625613
125.16266354933215
126.18799888450917
127.58409126662626
129.62253841069275
132.48522738558236
130.2117788699108
129.40835546027216
121.88278533698349
123.45620070912416
121.71703713319731
122.2501843867076
126.38474380177145
122.3942782479436
125.56341147127887
127.06993559746466
127.4260877695833
131.68086446531512
129.42667174651768
126.28926075825184
129.8552832307536
131.51975180868658
130.6259325870398
128.16407440119244
133.41254961904386
131.86671260554152
133.37576048565307
131.1225704786999
132.2237795680887
131.60507150799666
134.58458645211107
134.2206416385486
134.3146273787419
134.50920314469624
135.50493071855536
136.33940741088404
135.26072791642875
133.1906235851727
136.38013578122437
135.09922681876097
134.60467489771102
135.46418120364737
136.33668525848975
134.22032254193738
132.6531744967361
134.73512023300154
135.44510076426272
130.96948624808715
134.82151021950435
135.09831665490822
131.96116395609081
136.40157540599847
134.03092514970308
136.4033544320616
135.91507384193724
135.17289972073837
137.19435057291463
137.43159638512998
137.56261037585733
136.78524799458228
130.17230311961336
133.86452096347702
136.13029557704283
135.54480915778177
138.6907976556161
137.56329512888095
138.6501939194851
129.5408912483842
133.01075513217384
137.58226921548345
137.74034991630708
137.65963049325367
138.740368785972
138.67770883707072
137.2647161055221
138.2331217033822
136.86478225026787
137.34971099689375
136.94605500769023
137.4999356811832
136.50758323091384
137.81777964961435
136.1355247117408
137.5058097155321
135.47617346070194
137.73470345954584
133.99093920325626
138.50746728227776
139.59869980124165
139.85496580244637
129.79529941465566
137.1298051523235
139.4321531329837
137.5239347589231
139.50514189494498
136.91460692149997
133.04525255252298
137.5746902164673
135.96760045651166
137.63218932126668
138.01690316235113
138.43193131424212
132.77060414516936
135.26541327801962
133.24592711394274
132.76030109865243
