26.295599724674528
29.59248442166193
29.625143059830908
28.037904627963186
28.783572241214923
28.246958928670207
28.920526586920868
28.269837908547583
28.255221833717624
28.407639883168105
28.519563993833007
28.602937356285153
28.180649120733058
28.211849417392777
28.322919663836892
28.039280034066746
28.39562083811658
28.559994670661194
28.235468929566427
28.471591722660744
29.014708409346262
28.90538128393833
28.158218645884496
29.029159944416346
29.19159912494892
29.251124706964667
29.01388565264555
29.235228915894055
28.593291670458363
28.97582808704396
29.256440165265175
29.54942646608138
29.39319973673471
29.561518353629978
28.90232253495424
29.222285580610034
29.476302117268528
29.521238863637286
29.68692608897196
29.495695938864838
28.919190896732335
29.266272194833256
29.084523025090235
29.73317888665453
29.39672445237669
29.51217568955908
29.209866497107534
29.32099404246343
29.28088723895204
29.332047994002558
29.63595612487363
29.64766417773443
29.313911808979224
29.703764931728312
29.89233995245256
29.160722446461772
29.679171181063094
29.567026846814066
29.415281718091073
29.533507590211492
29.835589094776008
30.010628199197637
29.543217766762762
29.76002366450222
29.560206093039135
29.821364648187497
29.69598948430722
29.344479875272846
29.048074045746986
29.720855667702153
30.07951609748174
29.97677348623376
29.935976659383424
29.72611449901267
29.401575793129112
29.615756146996365
29.50616713361296
29.695593378036467
29.587588815223636
28.939286862333613
29.93249990176729
29.643776709453054
29.578643681330906
29.70996764449791
29.4934494852446
29.74947693055088
29.639781557280855
29.594846109744235
29.421986284122244
29.491404495057363
29.613127235510632
29.79604841779248
29.98151187570917
29.79745173088385
29.662750439894964
29.76638448856609
29.752465149856672
29.487161653065098
29.779277763489354
30.042162187100327
29.766454367344775
30.06316030949467
29.526911023913627
29.720692209165797
29.502878999801748
29.646032486339404
29.790252433967378
29.70896771090482
29.47520039209176
29.586412446109655
