-10.975428758606538
-6.0642959849376705
-6.343394489384434
-8.45000387223259
-7.600226033762551
-7.145947603436526
-7.4899850474100385
-7.979983774105102
-7.305276391133481
-7.237334375683748
-7.825159200660036
-18.228166960713484
-14.592990490133856
-16.112298698832838
-15.211445983810425
-14.59246058946849
-13.418351225844727
-14.148108131373606
-14.218492053760194
-15.578648367854418
-14.03770083152493
-14.451285958459556
-13.917120838036599
-14.08551002739849
-13.143676407265637
-14.973142851887749
-14.143815103826286
-12.89460506545459
-12.806500027043903
-14.016260025372176
-13.166607222808743
-14.873966578870975
-14.009063330429523
-14.134538809139288
-14.018055318339664
-12.318779375860537
-14.295942130839363
-14.623464254256781
-14.210100576882013
-16.463714625800698
-14.612976209077633
-14.743782443429524
-13.684936261878143
-13.250480340146263
-15.831671683897007
-13.247718896258776
-16.021070846751204
-13.443051117342474
-13.837762456604002
-14.009571056435409
-15.560013278224108
-15.648622051631861
-14.14475711773245
-14.279092751429665
-14.152867328459294
-16.58593308707728
-11.656486017671721
-12.104790009180121
-13.30998821067873
-15.296957633210814
-14.114967177590282
-16.93761109334845
-17.185062707596696
-16.818594324600227
-14.874844215198966
-17.87081409371031
-14.779975755219398
-13.566614856319944
-15.571822493590425
-15.788981626115552
-14.935273519774853
-16.032395401842585
-13.447642255663423
-14.22530364541126
-13.317573954724715
-14.129276061028552
-14.695137647963428
-16.405655988799293
-16.81919838734506
-12.205925903138063
-14.457461672802712
-14.172293854096473
-15.083762160135441
-14.742752105012865
-15.556392783315173
-11.72890021720729
-15.850377933670087
-14.773739115425139
-16.757543317051056
-17.991248540165472
-17.499872943270983
-16.16345473434523
-16.709329684753417
-17.38563255344137
-12.655771075496604
-15.942235222571219
-13.506178718754066
-13.673895113356659
-13.115423060916065
-16.177950091879914
-17.576197347364943
-16.16337142532581
-13.320953900140925
-14.584378606691997
-13.513229171529947
-13.692516861526716
-16.085678697840603
-14.49360475896239
-15.636922778331167
-11.850807448684245
