-9.202227933087324
-5.855484736399636
-5.929354817052269
-7.730717583842406
-7.893541059860888
-7.559689920478898
-7.433648928305935
-7.034174250840387
-7.973124838458474
-6.9539171593976885
-7.6736377971082845
-15.848552575830706
-13.750441112340711
-11.65104348309926
-13.678016618936898
-11.91448309733607
-13.240720905803213
-14.033690955737546
-12.215180648269737
-12.982036516720381
-13.91412795139936
-11.746133813998904
-13.0651529412735
-13.561944588071697
-12.212088796696149
-12.070064239534473
-13.41453606371124
-12.06449315387731
-13.61137080232348
-10.04082089783043
-12.487452406503985
-12.087826815020813
-12.991286829873061
-13.971586072302516
-12.381093192591205
-11.384603316077557
-12.720164980967875
-14.20023727813733
-12.056901057348242
-12.512251372017104
-12.205655482489714
-12.818134602019667
-16.546726878353212
-15.10819309199162
-14.562285610551438
-16.556003368387977
-14.826047335551523
-16.430801361759322
-16.353755213206703
-15.295794120503674
-15.87069827884802
-14.371030097958576
-13.962369981178204
-13.251103744350576
-14.51706647230748
-15.14347864303987
-15.12352632402437
-15.147797778327588
-15.753441458380179
-14.324528253020244
-15.484929801789058
-15.537341149603863
-14.998405420077427
-13.577714875497513
-14.95350074803812
-13.930302919052126
-15.20178210742688
-14.725505621201059
-18.032443746274616
-15.083598846009803
-16.61713542629814
-15.632990132701213
-16.231975388860775
-17.717890736676228
-16.148391397893032
-21.808751541656886
-19.176399796045754
-17.56234865799563
-18.6242616336334
-16.59045677302317
-16.593358514414398
-15.14847465506867
-15.315101659275578
-16.146843602902916
-16.175060912433587
-14.286033562976549
-9.007345654118692
-16.237376770660088
-8.23166918392023
-8.108591068968805
-8.353822644845415
-7.829741885863225
-7.994411439216192
-8.102167487305652
-8.342378803685095
-8.653918121672351
-7.985392203727194
-8.640874180034334
-8.068586244288818
-8.144470349998251
-8.368723869295271
-7.797905579790563
-8.428065659736772
-8.599848547273947
-13.828377386947231
-7.808911807799556
-8.184943140835015
-8.130297284610764
-7.268690796131394
-7.5797299798289215
