28.613258449301462
31.6197295509688
31.847736516943467
30.238335392373415
30.16037751338278
30.29932357169845
30.826079036172562
30.921573278038124
30.46854279956781
30.44256728499371
30.860555635056894
30.567503963063597
29.38411705636105
29.856172698949315
29.025140358827837
29.852169129421352
29.75661284285405
30.26385369644514
30.323345034490604
30.183308893353534
30.504436131660984
30.06704356326226
29.680516633631044
29.869026632874682
30.38894611847708
30.761417870671256
30.943401450070017
30.540727036700652
30.896910890915727
31.156314107874426
30.865381468183557
31.230314274836438
31.126927256948637
31.114249758239186
31.638841941707465
31.731498355105924
31.57272127103288
31.355038306185
31.311625797801717
31.192291082112266
31.41738323170775
31.449928001171227
31.013975662163503
31.393699233626094
31.504032148120007
31.153867708742556
31.478114329825654
31.990565240362137
31.24270453115337
31.400510183694234
31.39990349289046
31.169095790870475
32.38749945627222
31.754118495640082
31.041139511452645
31.644837016972257
31.320855424420625
32.277973856942715
31.42904848804154
31.53631727322913
31.346464019726966
31.227713164717173
31.592682542356243
31.584763910725016
32.11552064111098
32.521696802534414
32.10095080908674
31.355431835650776
31.752083675030118
32.097306434046125
32.05278783952316
32.22251005512565
32.00610063626512
32.19242810391571
32.32948670592702
31.431423988843633
31.984430083035832
31.855078199901413
31.737868601037857
32.08434077639806
31.5638228618575
31.941404334206062
31.78698526476195
31.909593650820206
32.17040781131468
32.25410634073706
32.099125530303816
32.126599344075835
32.21533231981806
31.99272181684115
32.08076211662278
31.76051212291758
31.870156856023076
31.855902445300842
32.18392203720992
31.726475653808986
32.12194659299359
31.58902362711101
31.604566368883702
32.14083702754124
31.674615802101503
31.811894482323794
31.826360147343063
31.875149836872385
31.821237766808018
31.797090473983037
31.82977617092334
32.01953911377423
31.68041895373874
31.60718661685825
