24.038364145381827
27.85285163265791
27.690466689119063
27.100586569305932
26.06977907270745
26.805669135021997
26.385072026267622
27.596352835207533
26.53299194262344
27.11929232818131
26.31555996759038
20.92641710152935
18.212967760702917
18.402837178769047
20.762481787199807
20.55058850277063
21.716893926793734
23.023617762135686
23.384649689222595
25.01398419324695
24.689433701528827
24.567815207109067
24.787288191027237
25.151985415552318
24.295873711271437
24.77700317012
25.511153892158895
26.054473736289047
25.04111764592072
26.238546862905302
26.698219471524993
25.530641213109494
26.252964610638518
27.48137787623703
26.27227955391467
24.804989400721187
25.80831331166961
25.96900758551255
25.955927585369732
27.519397275720397
27.388277227053063
27.523846042533467
27.486171078772415
27.230514779416794
27.66306683738113
27.527828814268407
24.354044925917684
24.87305624014692
27.518702875505348
25.337520045942007
27.57414340605945
27.42500215723306
27.469284390208298
27.641772461887236
25.720926686521235
27.699970372419628
27.79127299046963
27.744073426897238
27.512989255164783
27.53256650395355
27.699607652462984
27.39736842945148
27.472048142705862
27.605631089520713
27.67164725858703
27.64479431178338
27.716091358881606
27.507025460267666
27.645613081134435
27.636049369308154
27.63948248990395
27.638235680388178
27.558789382925003
27.670702212604024
27.641466379742916
27.829897222182566
27.669393097014442
27.722165187454397
27.68248668071808
27.702380615945625
27.62367727882718
27.793645701800493
27.775781679140813
27.674350901531398
27.716080225110026
27.67608283824972
27.71731760284847
27.71765620283786
27.152238076515637
27.571541640394674
27.59588356269933
27.518440721726535
27.670324879594265
27.63408149606896
27.680699522817697
27.70903918434481
27.631883205869062
27.570155765660964
27.640759848145205
27.52837431968411
27.536612166748718
27.407899540527186
27.33055524218736
27.583730716982537
27.624607622961413
27.471408513791694
27.674921553590984
27.61896796015871
27.529658598764307
27.637159507008285
