-14.048760096763038
-7.1821830151194
-6.422340921443759
-10.767259177775589
-8.973645706240358
-10.161142951593035
-8.12769614067244
-8.979440526234779
-9.597864125183177
-8.518756426588093
-8.85626615188091
-26.927465608964855
-18.678390032384353
-15.813803284122358
-18.60495485485916
-20.939342651151833
-15.537330435951288
-21.13276719707106
-20.752252311825124
-16.61306726483054
-16.510985159839958
-21.111276450572703
-20.573291550728236
-32.73041096501571
-23.857140706144047
-21.87447152319704
-25.70775265035145
-21.345155455362
-17.30055812202371
-17.976247383414893
-22.29645002866261
-39.01243712372171
-45.067240162027204
-20.86833152346652
-22.943381089003555
-22.42206668357868
-16.151789903514164
-16.165735890575405
-18.59291563667866
-14.884153958769648
-19.0435588161721
-15.333957034295963
-14.972480720465848
-18.639547712761356
-20.414021924120306
-31.49334685900003
-16.834946900743997
-20.201654613371783
-20.352093413901855
-14.90122210906065
-15.283746514815922
-13.343360391856702
-16.592247458361072
-22.753302037599656
-15.77427066845538
-19.270100985341276
-18.560921974917
-20.617976882437137
-25.83377406792369
-23.27749743270976
-21.354761254667423
-24.836282462184002
-21.99577969145796
-23.14252035518898
-14.240715128992639
-18.42593876896056
-16.567412721836856
-12.250764399996314
-19.827403681970964
-13.11609568002699
-22.292530849381652
-20.607611091222278
-38.02001486952825
-16.314814454397577
-18.231143053877247
-15.991341346421748
-25.880612065719156
-20.35795033317358
-23.92497454913604
-19.305682165705864
-16.0977087040212
-14.038321814517998
-21.362987827927128
-15.30114524797559
-18.741700001303045
-13.725520409383451
-18.98352188256827
-22.293306320138388
-21.837611403690097
-25.622723906220557
-22.757509994886778
-29.822549681724297
-33.562332142975855
-20.800099762804553
-25.708064808226155
-18.854772698447157
-26.00001902267303
-29.312253948020476
-24.414652207410718
-22.19247451911129
-18.724622035433264
-27.023355643020874
-15.637441102113588
-20.243000100891862
-18.92921112784437
-18.4341661913419
-23.950267999456987
-28.058253276275867
-19.585055840036627
-19.01616867905374
