23.699202486744095
28.095171033872166
27.904616879185987
26.48374243168878
25.88787112183796
26.757532022702343
26.489656231831
26.32816014286747
25.954543259115407
25.860362070157677
26.366517552180184
26.487643132299823
24.93174173662995
24.834974444142013
25.07357049519731
25.9648757739537
25.896348778822905
24.659049296038383
25.422488386495075
25.878468635382685
25.31135364536663
25.677870521874265
25.444580249845036
25.953779250300737
25.909604241730946
26.40903537819973
26.323909316560623
26.59116415012174
26.265094447666453
26.614198504945552
26.762495619156955
26.997407133349245
26.65973732447102
26.661053850547443
26.54133936072533
27.007199898870837
27.41205793177965
26.81876688562885
27.660216161394963
26.669205518144395
26.43140881516127
26.319809816410245
26.84176417881067
26.815178655215714
26.61609235712399
27.06160429423266
26.777023142570656
26.233889125430174
27.013181380882276
27.492295279995204
27.07275482366957
26.718944843882806
27.421597028786753
26.775589956593613
27.12645261838285
26.79946628205136
27.088611534217666
27.37151904855006
27.550924499338294
27.208002610281344
26.92898875372099
27.575084280856995
27.12942559623454
27.191857042045434
27.225087474404056
27.352341192968233
26.802657092912924
27.617082567456848
27.311773960299906
26.00233856434629
26.402125006454987
26.538766962794096
27.035793953386246
27.06541963815595
26.44676401332213
27.05235947940473
27.176799220117946
27.265202357034156
26.622562896331164
27.12116730328627
26.95083170453529
26.94653083349168
27.457924017986777
27.7417546545499
27.945813110556994
27.681454477164156
28.016493773508618
27.039268538545567
26.99439778486109
27.446747404683727
26.780105673130677
26.78253708154355
27.413004103243754
26.781258592360675
26.425661359251674
27.09403000537762
26.103967787155376
26.775182423059917
27.071332467492738
27.02087297766177
26.465175493189076
27.5125818019884
25.033929119556475
25.478095494208866
26.405946954029286
26.88884196934738
27.457920517643885
26.839834720197764
27.197931845174022
27.26128456281079
