23.451127088602473
28.38703651406644
28.266373862486606
25.966378492084623
26.36080065128531
25.627563606868584
26.368777781523843
26.160172784471637
26.66874612552028
26.58827604200931
26.35456816440953
26.37512592909722
24.936739826608168
25.207707471169066
25.083239260895024
25.003361557646617
24.779025137496614
24.25334623619987
24.28736140900373
24.98338935491618
26.337694476899106
25.258577450154586
25.909093804613626
25.56919440884453
25.559940275607666
25.06239334611513
25.384216358994152
25.94427518948047
26.733192339455535
26.797747088414404
26.502503906540717
26.32882800014928
26.177055136227334
26.77835722622401
26.590451508253036
26.874283299065926
27.50678473034614
27.01461124474231
27.117779510429386
26.9754244852874
27.01075263481
27.009450487491463
27.48244615552803
27.372087530852166
27.178648135531414
27.824174638143877
27.70695290286459
27.422514317754608
27.716927352523097
27.22649489345307
27.527783006181075
27.533070711879958
27.899468585397006
28.246911655857676
27.759710563510872
27.895097529386994
27.970691759651583
27.947362643654238
28.040145860742044
27.7113356646466
27.807641716659056
27.47866907536298
28.06998011955494
27.57932768971006
27.98730880110784
27.724518470699874
27.884985278114506
28.05094094597727
27.848477643758017
27.90025314839943
27.544334286828494
28.166156126189115
28.178913635440693
28.17653964883609
27.772162340571207
28.140398483368305
28.095708209038712
27.468521449114842
27.817097083091685
27.62052161650121
27.815161415122297
28.315097956675128
28.43514084817376
27.987506849569144
28.270451899848116
27.249768162005097
27.80069910193332
26.776767643486583
28.221433817693313
28.24643065962108
28.257738163977294
27.94754714629572
28.07258627121367
28.19518934205692
28.139292323742435
27.67647191717722
28.098188266483493
28.189489833212527
28.178638545108925
27.254688591313364
27.7592155860521
27.537085455058563
27.211157512236806
27.583732998996904
27.495623396335024
26.37999500061379
26.92665951194636
26.600847030379846
27.817083418436525
27.888868930716026
