1428.5560932446692
1690.4036085682312
1692.535327139675
1435.562261066137
1563.171510022634
1583.4338705941943
1549.1362344494812
1565.9094717882647
1559.7416393251983
1708.074051088116
1581.9884442530429
1646.1107882115991
1736.2409348295855
1722.1405181963964
1751.995090657287
1738.9023122087165
1749.3150137699868
1724.2464510607338
1715.134288969703
1703.9483513999862
1734.7647624539552
1723.9949838543064
1724.7554407406856
1747.4298187039296
1722.8354329090323
1756.8921371282743
1756.7943266288528
1775.4931763144748
1751.07207636778
1746.444215137198
1762.0963948755389
1732.0007201986755
1770.1460556432226
1764.5892073749656
1795.6637446861346
1769.8669505491546
1808.352410636045
1786.739791242635
1807.3452437500766
1802.6067420591762
1812.836776614505
1817.8515916078597
1809.5417494954281
1818.5497913107085
1809.095339261478
1819.5261459265073
1824.9474549400666
1825.2920188026112
1823.8983109560559
1822.3640066391179
1821.7112418871393
1822.2706709562085
1821.5933500372078
1822.0819725151714
1820.5995485359342
1822.4177630986399
1821.0004003599786
1822.7317409685952
1822.4844964552206
1821.8064749040145
1820.7736939374245
1819.55523539701
1819.0803520005823
1818.825807476001
1818.2077560483285
1817.818807626236
1818.4136729838247
1817.070225197207
1816.3925101337563
1815.7132307685363
1815.1888197723977
1814.7725778048039
1813.8270623302687
1814.4136080877904
1812.377259003368
1811.877081379877
1811.4263031078908
1811.9322044490152
1812.1762133702507
1810.7333910454263
1811.582631155947
1811.9638507544012
1812.200628107308
1810.7242480313141
1811.8144626684523
1812.0935884533924
1810.1006541872318
1809.4995001890636
1810.228966870696
1810.706294383772
1811.1861067945822
1809.8687367815087
1816.8187889293645
1808.2659812760871
1808.9666921137082
1808.2500845972902
1808.6689643399388
1805.910507497196
1809.0485599049184
1809.6820590534462
1810.5016787724342
1809.7135632703826
1811.2495552166872
1814.1478004767916
1814.0380364171135
1814.2449111680821
1816.2174887225874
1813.831432733444
1813.1843072419952
1813.182232747846
