107.47289825571136
122.32908775452752
124.26268975629199
111.81764201050166
123.45297375402004
117.19797453658211
123.98147441952527
115.13143986695114
125.02088483819452
116.09322844570806
118.4634556046139
118.42435962244973
109.33216446780368
106.46039087342353
114.21264055813313
112.96305528651109
117.51846449324208
116.50245507438238
118.30821918932813
115.44095952770358
111.45546868414341
113.32008922646396
116.67306177196065
113.10113654297461
116.08470639886633
114.76183800119462
121.78093072937419
113.24082826064803
114.13184248191106
116.36913991649256
121.14502785572463
117.14413298701419
126.40043584803593
126.14996213746551
114.88417913973522
120.60600379524146
127.73026429169346
126.45629541657613
122.50225641834925
124.74616665926709
126.04980839808266
124.74720769875748
127.02452590128588
124.4731490518167
126.10175051780563
122.1192579856759
126.80258387730564
124.63398088569019
125.64208414288674
125.52587752833655
125.93302634459303
124.34036404619613
125.16539586055693
126.46147557611926
125.72929638461699
124.5505730050215
124.72550600001284
125.67026555050029
114.89196213198318
126.3955929020625
123.75953982016917
124.72602910098924
124.31929740779802
117.09975906530427
124.38160997546957
126.26744818964991
126.15628871298436
124.59698766503114
125.43861687839856
123.00191980493739
125.5565400533893
124.28539407524359
122.82164317570151
124.69153110020943
125.1969065496692
123.47646387106568
123.53294955974995
125.09489609166128
125.4114708148695
125.29867214772653
125.30122250739748
118.95324830086503
119.79079465046745
124.56846831825938
123.57308505642688
123.85764382306601
122.99140918153311
121.28433091319987
121.73092658109536
122.09197753191536
123.04967848130231
122.1726493311218
121.8839640144023
122.64088115064017
122.99626474746508
122.58401770366906
122.67320256161715
122.8913573509525
121.9862534926905
120.44460885551007
121.92449190659183
121.20065353369898
120.55921544685154
123.12490912227773
124.22118973941822
119.08346573775945
120.00095295532525
121.11275693007751
121.85402186202248
118.8867390699359
