-38.21491204161806
-35.35911797401483
-35.28355356609458
-37.37989164081295
-36.19373364016949
-35.47666269437177
-35.66436572311638
-36.17891725982665
-35.36600400492242
-35.53703903458956
-35.49935043854935
-45.93063053836236
-44.42712209426803
-45.48014345579178
-46.12894535026867
-47.28219488476034
-38.373424043190276
-37.5423226109635
-36.63749828114365
-36.81964687611838
-37.23446775946279
-36.8543787025318
-36.98751153806517
-37.109557910060204
-37.13145686911734
-36.825431548180866
-37.14282017986892
-36.99573210566704
-36.40643220579042
-35.835851845789456
-35.61099408466373
-35.891248643477894
-36.65234247035898
-37.43333984081481
-38.600966798823634
-38.47261140715443
-38.16549927178249
-38.441977411868784
-39.6667108158061
-38.78163347184401
-39.02801292296131
-38.606985973133085
-38.23111160773756
-38.41496274661231
-48.7542432874995
-38.063083277118785
-37.128805885847136
-37.94009746869153
-38.04232615969035
-38.178280314276016
-38.440771845774115
-37.30820187146198
-38.34074111736499
-36.80435157005713
-36.76507060581066
-37.154532962582905
-36.63055121177972
-47.98296340201997
-48.74428906557894
-39.446112599721964
-38.110680811651115
-48.37663127863536
-49.15301657868121
-39.304907297279286
-39.546545622291674
-40.00365085285581
-39.46930109857105
-38.78963813474315
-40.15993054626041
-39.2658932731804
-39.312483076878145
-39.19383922351874
-38.86117269532752
-39.274046918868194
-39.3319526220125
-39.130943379016436
-37.66926435936688
-38.405437976738064
-38.135555260570605
-37.976245355572175
-38.76846499471065
-39.291382955715044
-39.4526079386176
-40.6284428651762
-39.02068953965059
-39.158092274695164
-38.980989892326285
-39.70168711174157
-38.906182961229725
-40.09750258636361
-39.27520418280971
-39.636371632084405
-48.82749023530673
-37.91675498163137
-40.14882237384071
-38.96531323054998
-47.67911929752328
-38.7428962783039
-39.09475142134205
-39.190543204856375
-39.134925614254705
-38.11437945895535
-39.1556507438453
-38.9253300662837
-38.96625640862595
-38.981483723228614
-39.41265269639026
-38.63598829494344
-39.26699683121813
-39.1184547050684
