-15.046126367303332
-9.000387231600275
-8.96568317265784
-12.80763803193225
-14.095656787769379
-11.204989602801882
-11.39045644781845
-10.872536375816672
-12.135677094075485
-13.1328832907095
-12.230182737634067
-34.31848047375727
-25.365229467414572
-26.33107582718447
-28.042991030276674
-32.56946121440878
-29.32783669614136
-35.83975680434657
-23.76713487349644
-31.111074134890792
-9.778388970258156
-11.878129040186373
-10.511800505552252
-9.729903237879672
-10.897732741969065
-9.452044103235503
-11.446167164725344
-9.607754404400982
-9.748135094375398
-9.919920078220299
-9.980834525778638
-10.132973839992141
-10.188437380692832
-10.24332534277899
-10.023784304179046
-9.585626350894344
-10.417030541408696
-10.853595419574752
-10.337805984061363
-10.443429124220806
-11.049684052733982
-11.60342214343619
-35.466410781571106
-28.23590534354642
-11.188447719451418
-10.751667734347414
-12.627438377240244
-11.488170239109204
-10.817146994430399
-11.017862211205635
-10.474244897732971
-12.091008366438118
-11.550846312321745
-10.805337260407551
-10.688845582728916
-11.601453937147726
-10.984206251197483
-11.654637860006904
-11.568445419203902
-10.016257065071247
-9.81305217590621
-10.982653321026053
-10.611182025048581
-10.424277165272368
-10.504366889665299
-10.803801511235301
-10.670077855109495
-11.121922653484994
-38.1898370437711
-44.706244337365796
-13.998807617470414
-13.116493232303547
-42.27460912117598
-35.52302954244401
-20.552924275164052
-32.87910356293418
-16.789335577006906
-49.763225339075724
-12.598503118461002
-13.51814600744014
-56.72838392774467
-12.84196948065664
-56.90514349251235
-14.93757255226731
-12.834666470356568
-13.70643125897666
-44.66868782874641
-51.523647753765815
-13.9752025779821
-32.176500454430595
-29.992016834539676
-14.010051530777059
-14.249191572250613
-29.59782788036373
-16.4931527225813
-33.20018952603818
-14.028957746201971
-14.531906245876204
-13.67221379068436
-13.683453793436179
-12.042490860073743
-13.368381936452224
-11.800106803944326
-14.123124127317581
-13.981763999626029
-14.667769419107678
-12.672765224272533
-14.519095547155123
-14.319752426965191
-13.45141331586123
