107.85434221811713
135.88397546695174
135.27275923793306
122.73030049612755
126.52467198099825
127.26601787422724
126.34784261605805
128.04728402106565
129.35918043257993
129.00442846439685
127.58970461526447
129.8964420827565
124.31931464765604
124.43784908906069
125.1206226138758
129.34183342291962
126.2775753604384
127.64125049048806
129.72155144267143
129.6892380580809
131.48979377730976
128.96193493015323
130.85561190025214
133.74050641626704
132.00994129115975
131.80418891305865
133.2459226747926
136.55827356321709
138.69860216730822
134.11286385513353
135.99467752692007
135.1687750022309
135.86176887008514
134.1423223599372
136.69029466322164
136.9656301501341
135.2270155003904
134.906467540887
136.3205394720491
135.90628798422608
136.2474763349814
136.97921090611757
133.76353412943567
136.12570676254515
133.71801764799625
134.42691106538334
137.04450750922402
137.66965234037127
135.3787402077282
130.40671567080986
134.9079677608701
134.31351910343102
133.659806430969
134.38202375966975
132.94282927379277
137.37445379419023
134.05360111159953
133.74047237257616
137.10962526503778
136.24265026532763
136.42500196218163
131.01809432474334
133.30739713479628
134.19501112850023
132.94028111938096
135.53431453665772
134.3987720716429
134.271581077289
136.69600876966908
134.67986171783767
133.9974899247736
134.46518253103983
134.0270880891213
127.89084864087873
133.9550101183406
136.03246002156115
137.05350219224357
136.17073534629392
136.85652793911748
137.377550629132
133.61184913849823
134.3251748489817
133.6670341675981
134.42450683102993
136.61036848300964
132.35131207107077
133.72089250895246
132.9498091729309
134.66376421835562
133.6836132433365
133.6837199644173
131.0351045952031
133.58522534219233
133.57023649653965
133.8210491360984
133.75368878301768
133.1392206792758
132.26295462962048
133.56127929154405
136.6451395961032
132.00465707048426
137.90137425540473
132.9011208925418
134.60219488949514
131.6093499655466
133.63604471287601
133.91172873903287
131.68881292416413
134.15780125271962
132.12581472252023
