30.275461310601784
33.34809968632713
33.48538756098867
31.681710105464543
32.27615923292835
32.628094111387526
32.410246696666185
32.25902906556152
32.31741589902315
32.62632267200907
32.206390227567574
33.63573959003468
33.010189546182566
32.76312676187871
32.684802307728745
32.873262376568604
32.75501746473694
32.74983175194363
33.18502567039495
33.11757015913672
33.56253937144952
33.802696212819704
33.589921409239984
33.680296180370696
33.49073495803905
33.59451814380835
33.243876482034395
33.84600229803219
33.49157489162165
33.60902579761945
33.669093116695
33.420838774369955
33.83972601834762
33.69535243596769
33.691523658481984
33.58094547375152
33.4871823056454
33.65122046748908
33.43855098365764
33.533393224844
33.43853107835398
33.36256430886619
33.4190336732014
32.975528027527886
33.15910502236261
33.090516246499625
32.6598534776576
33.10532527582657
33.2518949160003
33.19873914129873
32.801762796901365
33.003908154403604
33.01964922648284
33.03949817090482
32.804141001797404
32.9198408858927
32.87231007863762
32.80082991767256
32.906986623413864
33.17088528813435
32.92933741682405
32.79257094066752
33.14586724332046
32.976210115172094
32.77448845400475
32.945193691969365
32.90512718641252
32.85994722733437
32.73269743066523
32.7322242838757
32.324906196363884
32.00785196082783
32.824443951286206
32.825583558555785
32.76672251669393
32.899700958545495
33.06509298120894
32.88660781886195
33.10958764611005
32.92274249341895
32.78784524157792
33.14890238874821
32.954154615603336
33.111081133680685
33.24611863593315
33.207315891489166
33.04911256022014
33.22089324813004
33.03934406804041
33.08767538584711
33.08306374865083
33.119450631050825
32.81031602401672
32.97537745561563
32.94376867798029
32.94405671588621
32.987076912211286
32.98438670199233
33.28837319750159
32.93352508698589
32.95226458452844
32.811549951193015
32.90108943781559
32.58985543615152
32.83911163865961
32.77034487255092
32.844384185012906
32.876840008840276
32.88955312016983
32.56115314227735
