121.99122393864296
148.35283476127876
148.95468097497331
128.7701022510732
140.90825652220587
136.42108972578205
137.9538075352216
142.78740155589725
137.04206781198513
140.93316389519396
137.9183959091901
132.76124027055423
123.51375095711394
126.44140807970211
131.16338711637957
129.72077203544902
131.6700944764526
135.81189165383716
134.03953564638164
133.5988553747238
141.70814799465325
138.49966733494557
135.61777083016304
140.16487876011433
143.45182975280332
138.44154908176546
141.964915152189
142.56287842766582
144.5763449367767
146.5345792168344
148.17296934164284
146.87188382787411
146.61429131579567
151.44163886244652
147.66806137359222
151.09756820149673
150.99822191920506
151.0818090154794
149.81081098688588
152.06374564330116
151.11489371007428
150.73913364253903
151.0234891296733
151.4014566520302
153.33523590062816
152.91769519328668
154.2413600659833
154.2125510187092
152.41687815014384
153.37172291813457
149.8153761322511
147.53440582711653
149.84569850755906
148.36626562874568
150.47517223415824
150.66339864704383
153.0164607030431
152.71962350424667
150.9287479865691
150.59758628239715
151.26204674688745
148.21551187425487
150.30860460596438
146.68217190865442
148.72436902773856
151.16327310796228
149.01706368723936
152.13861038156037
150.16381808859754
153.5981731877507
149.0205142469582
151.89000226067438
152.00529866164106
150.70188198603256
154.0977030315823
153.7948747882138
149.54770861810934
154.61155547521227
152.08885981799375
149.67618207363125
151.94164389253964
151.1053077086009
150.28235537455691
149.94897724479821
145.73720430732251
147.03464347723735
149.68827583490253
148.17673419057616
151.5986892969582
151.0788383224467
153.4145331366373
147.72475995706515
143.5137271977188
148.60367723200503
146.64417504226614
147.77468754419408
144.0639174483347
147.48803214354348
149.02631488921426
147.58311280412136
148.82370341168067
146.17656361957677
146.5833872776969
145.39674490524746
149.01592374458184
141.8338991024578
147.33126248640622
143.81451471788765
146.3971839832634
147.2071634009851
