1295.9213410835723
1719.903637483112
1707.3825878840905
1583.4151369722724
1556.5930488543734
1550.1120838076042
1574.6382187234467
1591.99657065431
1600.4321441838042
1736.1061138521418
1759.2301954267803
1635.5115047979718
1620.5711898316476
1716.0147577600544
1732.9906078258766
1618.5018321170026
1607.4455391969145
1705.7626900366245
1728.6407562309184
1737.2783247140721
1686.1186593321163
1659.2550722634076
1660.8708595722253
1720.0815100603422
1666.7561356202557
1712.2257922912008
1748.433579301887
1753.6018371897735
1757.2743881022568
1744.4406801426169
1746.8839552574734
1765.0597358897546
1747.043599725953
1770.6055386715477
1772.4147855298368
1774.7244670599907
1796.2995649529853
1800.3299064250289
1796.7786329269175
1816.880510600114
1821.2321454849555
1827.6037609619182
1798.2119467060047
1807.9319767705006
1806.0649059271464
1808.2380928378286
1823.6926124504016
1812.6196247799091
1817.8207488885696
1815.0060015304177
1816.4787298828132
1830.5081532540369
1829.826918622295
1828.5191774798452
1830.012736895202
1830.43382456553
1831.5348186799397
1829.7440489900616
1827.2753439498601
1827.9753966381804
1826.6690226005155
1826.4390882168123
1827.614634513547
1828.523874452757
1823.7500253786045
1817.1400917094095
1820.0175911344995
1821.3148763754946
1827.6439688830317
1826.6684781837719
1819.6439416042178
1814.1222851872717
1823.1428329165244
1821.5344408723797
1824.2647819560734
1816.4378363358271
1824.3224581239972
1822.2154462446238
1823.287978907754
1814.9778171284265
1823.2182805519426
1826.3678000071338
1816.554072788127
1823.6029969655658
1817.7113794488341
1816.3900611200183
1828.4221937055863
1828.1823228939927
1826.7873235417912
1825.6204940176597
1821.9824456519034
1827.4818133156937
1827.5412294191967
1828.7013823643067
1818.955250220236
1829.213236227679
1827.6736996780176
1829.4730459874202
1822.9241121230098
1824.4232846597486
1830.3378884279768
1830.0986744129723
1830.0442901150886
1829.0800376704458
1830.5101675342996
1829.4551722542199
1829.5626765936665
1829.8855066473668
1829.9320416332596
1829.4566154835993
