54.00795827623369
63.26054287262119
63.476853982013644
59.25116021443666
59.108221236151884
60.89648665042005
60.71921791662509
60.360989293414306
58.754431681580876
62.79215836703697
62.937831944470545
61.02066875567429
57.54361293668702
52.29530686045699
58.99086009721172
58.30995350884911
64.27819367736153
65.10000063149246
59.74975566576452
59.65696942080562
58.865421252760626
58.52627613042557
58.91818024292128
58.79694011856124
64.37737773930289
61.299578057870164
63.40979007518627
61.331931320470105
59.9091988350086
57.76411076590084
63.32625678425307
59.646670395036196
63.563097195368684
63.3595420890274
63.541870535315994
63.71676349082507
64.16600591362835
63.60763743383869
64.66815865813926
64.2254575669439
64.17203385910886
63.93301853669583
64.52356824727156
61.94222600245629
62.868773413099774
63.96764864311612
62.89279141287749
63.479111211207176
64.31015115085826
64.41038426175928
64.75116440246511
64.43016298393827
63.87306581479702
63.007612966475314
62.90913333083427
64.04862464031744
64.24248626900307
63.54008231912614
63.790767581698994
64.58477998970369
64.1158217747847
63.47897359644765
63.57676825565163
64.13206745194103
63.525638163714305
64.66613047942357
62.7761308028276
63.546021849531165
63.50002005826306
62.13493071161786
64.04432614313991
63.89235077513287
63.889203639456085
63.54871241301764
64.49395299576096
63.62957164636355
58.76688831606905
62.854363572741214
64.00116982238097
63.239521820984066
64.21780136022602
63.04921660748246
62.68879348311815
63.995874377127905
58.33956468346832
61.01868283072249
63.13166826098711
63.96684832709436
63.90360211283625
64.71107844018582
64.40899970013884
63.82387490160908
64.03943800674497
63.10423272685586
64.16071335054481
63.72980538582854
64.09361376850774
62.990010778087814
63.35930342153958
64.4815595457854
63.40992369909534
62.939758434458525
62.97172424671037
62.89463485878536
63.17130260726358
63.36681741727885
63.01794451549272
62.76282527833687
63.513205390373656
63.13714180694372
