9.667146432555473
11.707991446572299
11.837839099838405
10.522941113325432
10.828653367142497
10.633853841788861
11.010597271456483
11.081494069507254
10.99977219372343
10.56923849600004
10.954222723444856
10.886787785092983
9.660093035254176
10.221356007321663
9.974552484460263
10.375867329324494
10.05662904946918
10.412388209210174
10.57443041697614
10.90949802781431
10.685120208943541
11.148379033841392
10.887516199084653
11.196618589592406
11.567546524596436
11.344757101302333
11.117991045427303
10.864732883561413
11.30911031081313
11.348355456122492
10.502234707428789
10.958079196921503
11.035562592551184
11.215597828533015
10.91254459124235
10.442004787851618
11.482593192402872
11.297146854706929
11.345499735124173
11.652688132205103
11.414434379438255
11.090019183842028
11.38168842603707
11.416359879388276
11.484795334921499
10.822257841267199
10.64948083401552
10.89962299599869
11.19837051102349
11.1183162653793
11.043071889534065
10.505243380432425
10.59365183643842
10.792126006397444
10.489285650651201
10.639096877291834
10.575344030984812
10.616508108722048
10.600758796012892
11.069166971605302
10.719825770676668
10.305069177113994
10.951224975101933
10.73230659200186
10.95654153270556
10.24047009958942
10.97315375618453
10.768468360002469
10.949944698998813
10.449896163965066
10.73774015001659
11.024374092235846
10.90554496325114
10.837258044337121
10.444072120422744
10.833456125835776
11.022119730874188
10.756693205770716
10.59162619190204
10.816345868122237
10.531948362159763
10.560536469917267
10.719074399233252
10.557280210013976
10.498278989921783
10.412379204296617
10.708312708028632
9.777414273548738
10.396060909281754
10.845673961960712
10.59076774187255
11.052496388813225
10.668558670253917
10.717997703449345
10.759388370457287
10.877558294151118
10.174540940558382
11.262230817358336
11.508928470093533
11.430842373586232
10.977268985351923
11.538137952426528
11.544498973718426
11.118359710749628
10.984954464215951
11.400724473618032
11.037122770462293
11.289814300185839
11.09488264071407
10.950416622536272
