123.6628425661007
145.41226119851135
144.7704666232748
139.6078712814107
137.60176384823242
135.2448388642958
139.38499464777138
138.04561455533113
141.79497025470485
136.3481626889951
137.82864907480499
145.6810094267256
133.56154048354168
136.83391791761647
139.29052503059808
138.99447982804986
141.04873628569862
142.2228406139336
139.32066937898293
141.1685043471994
140.04774263858653
139.55361536276735
140.74875648598933
138.74572010580377
141.47004043520386
138.09390870531232
140.44647329524432
146.58664327566174
143.13313322819434
145.70015438072932
143.52082028181584
145.61012569307306
141.34442625663357
145.4342727998846
146.60825910785223
146.74242084105887
147.34142905979155
148.36684129257137
144.08049056699977
147.73691586497708
147.28180299541464
149.49652119149928
150.04218352683185
150.41944045460212
148.94583602887477
144.5494606441803
146.64929086758127
150.07258805492162
150.23720639095427
148.44625714914446
150.1061820143084
148.95748447232893
146.60662263256324
148.6228128145184
147.85773374308272
149.40592431920996
148.99851167573718
145.2102013167805
146.86273277586508
148.77209652161378
146.5422076533768
148.21891455117063
149.2099337631111
146.61170871905432
149.4683813181054
148.16989934522113
149.10253672970669
149.47562964915122
148.14413940444786
149.25378132680993
149.0384198394583
150.47302854570987
149.87575269247404
148.9577047275317
146.33408258000892
150.04308937251477
150.65326962679646
149.33182720476287
149.31211430721453
146.9362943416092
143.94495517791532
146.67118688034674
143.56097353529495
145.82626285376267
146.9872150355319
148.49502013776882
149.17374341297764
148.46265951651532
144.37372389540195
145.27611402085648
147.66586343316305
148.63375838631364
147.1688875143465
147.70561900019425
146.8426571579159
143.0264879696898
148.58582552729501
147.64183588836923
147.61801449074193
147.31988573496994
146.40062600885074
146.48130107826353
145.41816184203444
146.20064752438498
146.92063124509508
147.12012398794226
147.54032146949615
148.28292218032607
147.93885790603497
148.2622539114809
