124.58025412692184
149.00787505248582
148.6638907310711
130.75681194320205
140.76183970435477
135.58092923857052
134.4188952915792
140.68696801774007
140.2050192364429
137.2319783045547
135.08672492497175
130.19509980889532
124.27229475024599
127.18847507764885
125.56374177962441
127.62418956861467
130.9284337792445
132.17749996420986
134.8767799485348
133.82875267756046
137.55021869460208
135.66698471851532
137.0111086871381
137.53751804229017
142.7152586534464
140.69300240799095
141.277426361854
140.7334839702845
144.97128161474907
146.70518989473675
146.41496796992737
149.270536088049
149.37886757955386
149.08446029312256
150.61521507796502
148.638870987386
148.5816854728559
151.12218899197316
150.07089233402826
153.150985400964
151.57485009571354
153.37403505253027
150.3417278971677
151.36659428364413
152.29191352379934
152.30852278246493
155.9114187732192
153.9695811852247
150.58996310337858
154.6812729663794
154.53690784343883
154.534733074638
152.27086381836486
155.18391878622725
152.95613408473469
151.0136466500465
145.7836825279448
150.48748598393541
151.32426982587214
151.20369037983448
151.21284739524967
151.2626484808146
148.89427115984932
151.65918163583737
150.49937388857637
148.76560009999136
147.07550456204947
148.45499014818924
150.0616286918816
150.60265503750585
148.91247576928347
150.45878758108302
148.9204347824594
146.5831415407203
148.92818442893324
147.87662856836732
145.08199153319677
146.20098044157152
146.57892204258044
147.79940322756278
148.19775940963532
145.2425417042284
148.94220439002515
147.7525691246014
148.36006431581734
148.2347310940866
149.22324010770825
147.86376721139192
145.33191715653143
145.50186834821565
143.6734251537154
144.7394873692529
148.1554115520681
144.42671191136714
146.2720755800775
147.8309222649533
148.6032789734065
147.05668641537716
144.6536904918657
140.88097270789487
148.17204039638597
148.44863989703921
147.0227440507812
146.6708540176995
142.79363485388538
140.38536754290016
143.8988818449473
141.70778997956808
144.1951932823504
146.02339228604066
