5.559745130262241
6.471122067866263
6.457505072710854
5.929994646496572
5.9366369994945245
6.12578707008312
6.081761586242762
6.142873018253541
6.316660400461062
6.203890547037276
6.4423851789077275
5.629128069576121
5.380621649308857
5.008931825922713
5.161607496528223
5.38280613370241
5.597279474726316
5.644753719058059
5.567519503003921
5.650612990829638
5.874094338948047
5.8091210816764285
5.674554467504536
5.9618479867048695
5.841545631746881
5.694963733580831
6.09424509488444
5.971126818414571
6.047144446459113
5.835578037732512
5.9366427835075415
5.859062614834402
6.032434638005184
5.7570231076535165
5.794110835568406
5.860567452643661
6.0589800193295025
5.831884512265951
5.717608676405494
5.618404435027723
5.702423994995269
5.659181703861917
6.368740891388082
5.851819275663898
5.810999042849958
5.383080006740005
5.43677385620883
5.702590827461858
5.867092883880828
5.601567068518287
5.738142185480757
5.743630445179762
5.7133997458096575
5.6871693077729555
5.8447630775055
5.945054368667622
5.859301124534832
5.837424524537149
5.7149693777631665
6.024819293596428
6.471515660977622
6.393566251367926
6.346937458614931
5.688519053862684
5.879117321928194
6.299215949593706
5.783587777051737
5.977044326818642
5.700132136673809
5.951167661037672
5.780934621941543
6.018424578580496
5.822488403181765
5.921274642721524
5.919440975411639
6.034416945017302
6.538459199822193
6.213296826188053
6.389990806906893
6.036850411602724
5.969605202092289
6.121664533216601
6.003074224520534
5.993184352472121
6.204625028333263
6.005803824664034
5.819099872635375
6.019056724497864
6.008553257187443
6.016302082349734
6.114178461978053
6.1520055376236895
5.941758775114082
6.3283394473519525
5.849348186777728
5.904146209983531
5.8728055399724335
6.021512892989433
5.949938104761303
5.738146298961245
6.368641519143821
6.325701835189311
5.895459751150015
5.992321942698793
6.0318744302510625
6.111147218190747
5.891538289987879
6.192562232683586
6.029147699147096
5.900967918355406
