-18.809509662575532
-8.934105856656618
-10.244528820043818
-15.571696079267802
-13.524892768618775
-12.047546613844787
-11.926703929400604
-11.039404394700327
-12.674994503802573
-13.745511678733138
-13.734776602761086
-21.440839585543902
-23.45343731176688
-29.953404882922115
-21.721644707679616
-25.569637323513184
-11.357573347259926
-11.818645253156111
-13.463481057835796
-42.81762095687125
-26.045874822603686
-9.96667451822172
-33.911295471468165
-27.3562847615026
-11.563289439585756
-12.27582839915233
-12.222250017276629
-10.369561418505578
-10.579321540782425
-11.669954666242242
-10.844928086336276
-11.053834983626185
-10.857355295830212
-11.774370842761394
-10.977702822889615
-10.463148928586744
-12.73717119352117
-11.034965205548993
-10.420966336839282
-10.3008185725294
-12.223363107875853
-11.050437240836663
-11.491822068677953
-10.1243528345564
-10.436530726779703
-11.111810335189901
-10.503824142348615
-16.020689366045016
-10.34585759854691
-14.192276666370756
-11.609557975492683
-10.843086281650669
-45.02476653259374
-13.696750887184411
-10.916715789919358
-11.586780495373956
-12.66289025127295
-11.960738927060861
-11.705598827553153
-12.672752988864838
-11.518008698805208
-13.165656288020305
-11.454359154924974
-11.004999465518022
-10.589507920233897
-10.321468351909877
-10.34992057166851
-9.648239177553457
-11.98890410812231
-11.461997575811466
-11.254812122998926
-10.84972005391276
-10.978073521871588
-11.720772218017007
-10.457186906633114
-10.309898001260633
-10.3346287626293
-11.038899965212476
-10.452138022477808
-11.246979161202752
-11.131775901318415
-10.683293029676555
-10.901825275872104
-11.1266402218529
-11.466550992005146
-10.983462861073816
-11.17222735366092
-10.079632862959027
-10.731846248472497
-13.226767255856691
-11.146163880642325
-12.561717893941497
-12.972940649905818
-11.576269534108173
-13.019384821351865
-12.149283368206282
-11.515156775807458
-12.03647509395846
-10.288759450880034
-11.053708900231339
-11.380540841116863
-10.719332014157084
-14.396601858970635
-10.953457225055784
-10.312523194119205
-9.709717002685748
-9.70346310986454
-10.4090353562359
-9.258594456440722
-9.186488954027313
