99.96388932026852
113.14772440932292
115.10183241891457
103.19870751818885
105.0367678117415
108.17008952594256
106.28445746647657
107.73039821657622
108.76036491786759
112.44932167311258
114.17301416967564
113.48322082219013
105.33687318445845
107.66288612229114
105.48332359311817
108.86651971590001
105.93274552405254
106.83210752056803
108.60587388983772
110.94847001583496
114.54757830220454
110.62975843201997
109.8811994241065
108.63763019770063
112.0933205735741
111.87377152448285
113.78768331928528
112.97257100867527
111.16926179484491
111.24265287681999
112.02088160161223
112.86059127423336
112.64725345523284
114.65839955824597
114.81491003935564
115.57282136915782
114.13226051483399
113.15050248033418
115.23061064726122
114.04843671071401
113.8869537367347
113.81459457628362
113.5426212456263
112.67781250209434
113.193797744812
112.31692176572767
113.39312717519513
113.1010932732027
112.63426429605083
113.09669093243772
111.16378529589704
113.9186654780312
113.94974199245941
113.22092625618737
112.06563147495258
115.48247100974275
113.00810607700917
112.31313296995103
111.78767870481947
111.70034035650525
112.06828119595039
110.68657600861778
111.55470158530098
111.64121442993157
112.03361013914054
112.06357608160661
110.84305604083922
110.14671963498816
110.92571824486998
110.67649038831308
112.18689591931796
107.62663155585474
110.35878829946296
109.32956989830129
109.14725577962426
109.13403556187356
109.47115093943833
110.51463301699123
110.42545159434339
108.60827615182144
108.65942876141895
110.37102195054096
111.20553917238793
110.32438440049256
109.15432812373123
110.96812525215964
110.730553764777
111.7674770643298
113.02110436729366
111.2640325401367
110.5736187739073
111.43738504841762
111.50675296519488
111.15829648537574
109.49378897242258
111.07791381720659
112.51601804371346
111.17052199656932
111.54701765107374
111.75663072734548
112.37495534641845
111.73401861971513
111.24917402708792
110.85772327864493
111.16681003709235
110.10909474267669
109.6487478892121
110.99751136080677
111.12948595962793
111.5564295917555
