30.852314201237714
34.2787962930122
33.957822509102186
32.01017310912546
32.64648087672148
32.71409087371025
32.874708380734944
32.756467915086965
32.430694359597275
33.29810649969425
33.25049874728154
33.1604895775913
32.08544122838603
31.44966869099229
32.07135193716388
32.32790111672924
32.41160185261538
32.63637013679081
32.55153229094876
32.40281468204386
32.89265766271045
33.21890164673382
32.9609814258626
33.361500232429236
32.819654153888564
33.02849515631637
33.02120598905287
33.560687448763794
33.236941464093675
33.344935473645585
33.502593325572015
33.346177952148636
33.295851203945276
33.41569576543503
33.665445448287436
33.41885805148472
33.91739634211276
33.43214720697851
33.5522342806361
33.368230777494105
33.68848693948353
33.47130384245315
33.70594005502077
33.38262477851222
33.65440650731279
33.76340156322435
33.8111397042467
34.00161856062522
33.58371291098568
34.081406496348826
33.331510387655946
33.91165987230617
33.768318678897295
34.116930190812
33.775447087880025
33.9445404010872
34.020183358382944
34.41801605929753
34.11489184789193
34.16597202213776
33.595501541577
33.72516433698177
33.488238536802264
34.0391883315821
33.914491704834184
33.9825512636023
34.26668660465913
34.208700894224876
33.97964058952689
33.908378245698124
34.42089048412738
34.16642472966846
33.930787196655594
34.22720182890194
34.455887130062074
34.48096705877357
34.0960344729911
34.11118995946851
34.192761097421744
33.96319701925054
34.09936599762195
34.401899721298065
34.46452108154926
34.21652540752662
34.29232811268383
34.34740668505907
34.43670372790358
34.430421007853056
34.24438031833025
34.24040979517881
34.42246888620366
34.37676818057072
33.66038093050277
34.36674186899169
34.30587272111121
34.22753406356373
34.38030912400248
34.46160616518322
34.320912177890854
34.06758817444719
34.19974066822062
34.27373174367602
34.358149127647806
33.88551019437817
34.01621240186429
33.93753905567157
34.403213107058086
34.096822467231334
34.23710144911729
33.82905648073572
