-0.4818192676177024
-0.1739963830893221
-0.19377997822810367
-0.2979540855763144
-0.23179831869667056
-0.19729065632145518
-0.2815415950449662
-0.2289074692577501
-0.213959909353675
-0.22991949694902208
-0.312471618064077
-0.5367593865688459
-0.3872119826983133
-0.45493116910648934
-0.3602995408695408
-0.33627788242437706
-0.3135767683720132
-0.34847486994004956
-0.3349062650067953
-0.3201437857285699
-0.30496308472083455
-0.24783410266733547
-0.42849526178151626
-0.3123593703831976
-0.45479074126542557
-0.35015546651247714
-0.360120236894098
-0.3235448609285737
-0.39001839575946606
-0.365286419522819
-0.27408667817596105
-0.36782282013353174
-0.3588347430558579
-0.36946988541189213
-0.28493552016220897
-0.2755879715563719
-0.2898663376105447
-0.46737843671990537
-0.3866787361332718
-0.35616906049140457
-0.43183344163274384
-0.4480462135431972
-0.4056042830010403
-0.3572282246823135
-0.29181092899003613
-0.4573398810094661
-0.3899689445084571
-0.39087484098801817
-0.3925075738049658
-0.3723899013622601
-0.4228728042144904
-0.37780499742451934
-0.5527735920712927
-0.42874039480057946
-0.37537440355994994
-0.35582574006512363
-0.3893670495939906
-0.38777489462965087
-0.3405324782045653
-0.36339236579699147
-0.3840446643895456
-0.3308000524192616
-0.32691565330177846
-0.39877843325599394
-0.3275825078725543
-0.3009993589098628
-0.32642780387949405
-0.3242753348581893
-0.43602907563479554
-0.31784145641973166
-0.3955875522257637
-0.5822019774769127
-0.4983349675662738
-0.5359379233183059
-0.4080117711992892
-0.43749157734236993
-0.35761043025516004
-0.3352434296643467
-0.29023253123866505
-0.3037841483687543
-0.35017384223291237
-0.402034711750469
-0.3370623332202309
-0.380011357592939
-0.421521312996928
-0.40951624977824375
-0.30884374894887473
-0.3537009169527366
-0.3385518050576908
-0.5276210300839136
-0.4198847023555136
-0.29350167005223987
-0.41096582470943355
-0.40795695347972627
-0.500304443468484
-0.40367654461980074
-0.4998922278943639
-0.3700988906916595
-0.3875703293194309
-0.47989714875094125
-0.37907363643495223
-0.3674686375357837
-0.44532221021906754
-0.44750810568067334
-0.4874752594890673
-0.3487872076797548
-0.41239985612227953
-0.3666378142153859
-0.32297680272331075
-0.41033000883214893
