-0.580304647082
-0.30422273765588387
-0.30824614604655043
-0.5461098211090794
-0.4653650958646624
-0.4355346485577272
-0.410550223356202
-0.4468010061431882
-0.3322625595956774
-0.5166313950271955
-0.4341517668785808
-0.9764858470764777
-0.8521578383200427
-0.6100032735320793
-0.9658657550483691
-1.0734565705707253
-0.6116869775581393
-0.7553370317835768
-0.6406806054721044
-0.7743583544436108
-0.7585643632050287
-0.7099532958154052
-0.7146799424744212
-0.8936074288455518
-1.1026026660634551
-0.6572440787219158
-0.5847820811767793
-0.9470703574429086
-0.7016200400586596
-0.6559222566226288
-1.052393426110363
-0.5681811055209194
-1.0722904108936284
-0.8096295814550826
-1.0239116217954618
-0.5662786909050496
-0.7895250620812422
-0.9350707012432977
-0.6367254690552506
-0.7198335005251307
-1.2809292794521565
-1.8051842471443313
-0.9710082881865717
-0.99910181424137
-0.7298650705921292
-0.8342371268702738
-0.9806316918966472
-0.9597099628613651
-0.6703065791507268
-0.9053000513186504
-0.9811527387034578
-0.6616447026633889
-0.9870594743344092
-0.5941491966995072
-0.7110694514679614
-1.3066386722020404
-0.8605847880204739
-0.8257554901931586
-0.7606162694538635
-0.9566212224899701
-0.6187779116849955
-1.5137454785040092
-1.1536295570278943
-0.8945381441591631
-1.7231016294793045
-0.8347172234072383
-1.3472775505891403
-1.0970633293525964
-1.4184722849325924
-0.7786352963852627
-0.8250092952552238
-0.7009637909908194
-0.7377422579753357
-0.6341044744039827
-0.9021726330081226
-0.8905905938482903
-0.9496199607370506
-0.7538454082800191
-0.80270398778867
-1.0123734803692392
-1.195806389952888
-0.7073467816631142
-1.5798957248454355
-0.6761087036823432
-1.3044177123913596
-1.3629038379750014
-1.1308897913678289
-1.139919108334316
-0.9311201414979858
-0.6598896326281833
-1.2323211103604967
-0.9475205587944281
-2.842942288777925
-0.9256254906021111
-1.1176193043124452
-2.0951862222407103
-1.2777887621781414
-1.3077081953555758
-1.0189943470994414
-1.1390122446897688
-1.5322854131322918
-0.9369032633705475
-1.2822257431482817
-1.391514349283256
-0.682531789580823
-0.9234218470649082
-1.4367611689172042
-1.452547569676021
-1.3295840095632379
-1.0720887529755936
