87.86259880556196
105.40144567451642
105.6121257568552
98.28508408657251
95.80957882448918
97.25027054164788
98.42716605240737
99.04003329628554
100.39646897619811
97.73152975644027
97.96335765327728
91.94345935335997
82.79158510066466
86.70105619967721
91.09714153851552
91.59367632871893
91.3500286273236
94.00007591285359
93.39055791784472
95.77733127329988
96.10777130146394
96.94030459333493
96.22717025229979
96.6021782463011
98.45194275925935
100.13916291635165
102.09064936765424
101.25677194917708
103.28598669723425
100.90286040272377
104.4739288548742
101.60285190786735
104.62895704876124
104.07237534103164
104.11994393099721
104.16392499845918
104.43617383732098
105.7341306648161
104.95665058342543
105.21329806736033
105.9984946159634
104.53666316896496
105.1591199874241
104.29413123763314
107.30318049909174
101.07250187694214
103.7546481671786
103.08534626821839
104.83929947789676
105.150445269032
99.09438680838404
105.15354962500285
104.5804951502403
105.47495162429688
105.60591372221994
104.83051963744994
99.36930992862995
104.48134485621588
103.76075345353128
105.90341713455719
104.7381310884309
106.79471492976555
104.21988251581635
103.16916087984576
105.18066407243145
103.14367704725551
103.8017216709344
100.05426778526238
103.83037925140093
101.51654773139201
103.19751683732947
103.87560672812221
104.85727452142285
103.972398144843
106.89266637124473
102.26620773483056
102.96176877719775
102.46802562910364
104.44672085862571
104.2362221001361
102.50562549226552
101.05871041558957
103.9669816369581
103.80676121101153
103.84605504153731
103.62883357660742
100.49517660442102
102.01588683157372
104.881964082911
103.71807308527478
104.17699172403876
101.61173392060269
101.07438071771165
104.43342301749168
104.11171585030705
102.57797608875758
103.66703570586701
105.12641737459373
102.53667787160389
103.37322448891578
104.22538886836074
104.01251159225093
106.05219574388997
103.5197166645107
101.98115742753296
103.37432611799869
101.269652006236
103.5565665712793
100.54084701717672
104.1447425011356
