-0.3065148667674332
-0.19000411626908373
-0.17144873300839572
-0.25888828365193634
-0.2644777474825935
-0.26117578523885526
-0.2045749370854951
-0.19355390668842687
-0.27490698999328284
-0.19344231845692897
-0.1863757696522765
-0.3149295771653561
-0.23125720500486252
-0.293863005802605
-0.31665980809986144
-0.3351602715924272
-0.28200733352671037
-0.2711772055137921
-0.20022250794261415
-0.20253960202344587
-0.22812439751951163
-0.29900519050339847
-0.3598335452010524
-0.33606409633444906
-0.4400442418294556
-0.3045212844322458
-0.2182919114694069
-0.30483846378451135
-0.31693414724349417
-0.2145516651634725
-0.20097800746823133
-0.31306782984912046
-0.1990850347581038
-0.2202259736295106
-0.26978929053751816
-0.1975429237253588
-0.1973788578789973
-0.21795447478784344
-0.21478509750732874
-0.21191060976343287
-0.19578934615522664
-0.2210177791228527
-0.3409369063691366
-0.3801079575847955
-0.4185637600072111
-0.24582460918498092
-0.22023710378284372
-0.22925094445745306
-0.25627582125773823
-0.2172897932895043
-0.19612693359531047
-0.3451507882964002
-0.20717758285514715
-0.21811197829942852
-0.2023524171051138
-0.38472219383586626
-0.20466484153693554
-0.2156025090361603
-0.20096308409813418
-0.1933971522873171
-0.2011371448757816
-0.21203442238496228
-0.19586740610659023
-0.20127894253500125
-0.18830005876540043
-0.21287683692479953
-0.1944692535593002
-0.18895453331918452
-0.19469180020750407
-0.2710855275665908
-0.19673459747184815
-0.1920083380755786
-0.2766488664000831
-0.19820283078549542
-0.20452122592811017
-0.1955275731289198
-0.23924317793767538
-0.20355188006249517
-0.20080258543980264
-0.2383519992329962
-0.22204321105151895
-0.33013032029892403
-0.24589158805049877
-0.525929213286393
-0.31343057157219656
-0.21888859858641646
-0.21580106707090152
-0.21124399723249598
-0.3682443347455988
-0.20249730976221997
-0.3399951755976671
-0.23635335058248302
-0.22875956585507676
-0.2286372418800733
-0.20243547229253284
-0.22285099756628635
-0.24109829931886445
-0.1901411560248008
-0.23438385558704952
-0.22113401561832055
-0.234852682330825
-0.20955691969866624
-0.20100479397821902
-0.20129580399823727
-0.2070492110604728
-0.19323644120922742
-0.20361832112958456
-0.22687881218468472
-0.21213314860203367
-0.22130679584153867
