97.31651294204013
114.91519443043947
114.47149718362363
105.02281488806192
106.29318210099028
105.18829718382457
104.33241803606552
107.72393433744867
105.27308032885536
114.66097598686844
112.76759801945522
115.44954810343586
109.08584106797355
106.80439072573083
109.39099380045172
107.83038542687004
109.92288986732564
112.03280406865217
111.57273074751853
109.52245547568461
111.09541827725754
113.74183072058047
113.08171602245433
113.32455197684456
114.51161678062554
114.46843223104051
112.41065980772112
114.7844331094499
114.98021487640997
115.54864737907775
110.5123031221721
112.71809895786643
113.41229887247523
113.45789906458852
114.48136202653835
114.27435940194599
110.2369058476883
113.27812263844919
114.11305471419911
114.46715464132059
113.4398421703073
114.05425849213327
111.63722583605742
114.2278495892215
113.28133244745585
116.27725029745282
113.86981328033761
113.96880163722412
114.047270752281
112.21233993263448
112.9964516373454
113.58617965369653
113.24701873874973
113.7450398265075
113.03772609856482
114.09765878185468
113.85730164953642
115.23551609311355
115.473967789398
114.06570474543123
114.11797601207603
113.5960782444973
115.25656446994958
114.69674892987999
115.7346260604079
115.14081582620395
114.95621337210197
116.9816113779977
115.22154934384814
114.26840076700277
113.92932068418084
114.82666360863988
115.57566677204532
114.19859151281875
113.38144101011578
114.7696230070905
113.1735595184795
114.4336783825071
114.90123060105705
114.514211977711
114.92160759852382
114.38512078552904
114.46667426129855
114.58426739594486
114.10797167106071
112.81294238680672
113.99337205513508
112.78542855482927
113.57418756407179
112.1803964016694
113.22482974230775
112.24571097728817
114.26272375097976
113.62711851470127
113.2673791426167
113.62298714089206
107.82196474311901
107.75984991089159
107.33524249216724
106.71842705646377
103.22354689087312
108.1608647752057
105.45548048337253
108.17174297144386
112.68616920844315
105.97300851991342
111.1626178351223
107.99542779126253
106.27163753590435
107.28234278891553
