-17.882279106448955
-9.017214652488324
-9.023108272186992
-11.646965261033397
-15.67649859134543
-12.685828942420827
-9.816706312122276
-11.404586670206138
-12.028949675131214
-12.194576476441341
-11.305615448965298
-24.823442775250076
-19.054306847288668
-20.868068472405465
-27.76820627362509
-28.222326534012282
-22.52520205736134
-25.76228035187651
-25.26441857569512
-28.90606771877649
-24.417339588502795
-11.9975093827622
-35.77137115888014
-27.77987304000999
-37.89982819733438
-11.312066661417461
-10.089799052689203
-31.654105779112246
-11.942466799881394
-32.633634448622786
-10.102881868626252
-10.113587843372274
-13.076443250528358
-11.35107537486132
-13.00154256943314
-10.726470159046695
-34.295933656675906
-10.695138094815158
-10.13295297171111
-11.52291662679104
-44.385847386904345
-40.84260952296013
-12.119028562449751
-33.91839035197183
-12.179106103975437
-11.702616400693044
-15.609830114243655
-10.521629345235874
-46.39831787231113
-32.457006149710175
-15.34748922084724
-11.900461491603664
-11.92121590691683
-11.435803292754903
-11.46594358607524
-11.195331098252911
-12.5776172524119
-10.895252794015809
-11.151035804438928
-11.986552117384582
-10.41374025355991
-11.38865429331355
-12.02822452936766
-11.30640332205151
-11.06629953201209
-13.270847949506331
-12.299539927441334
-11.681366849720758
-12.41577551646069
-12.857496228276142
-11.114853625139178
-11.299001010814814
-10.688467227523448
-13.673375077306074
-11.403044026300606
-11.776976946128526
-11.047363244315218
-11.80844721798413
-12.266993737411347
-12.958565114513515
-11.626275316526236
-11.453424096479182
-10.786806822035391
-11.53204889059205
-11.12335259604392
-11.953253194870241
-13.091307576371847
-12.61229245445194
-11.030092555544602
-11.328237849407548
-12.021731735191961
-12.305567489925352
-11.659373881892616
-10.714564139159872
-11.455899311785759
-11.672753113389978
-11.6152915761463
-10.821696424950042
-12.278934649118838
-17.329957247485634
-12.747595310017502
-12.967133098036637
-11.18007005315184
-11.211073907896111
-11.900037618464514
-10.997758251152206
-11.477745506837284
-11.69570486417153
-11.641181185145864
-13.961604104170409
