26.6492347744136
29.653720151863414
29.686483008629256
28.230387296965308
28.76695865958239
28.910056444953433
28.590614204711365
28.72610633934883
28.709610349137996
28.733704801166088
28.88209388161878
29.047918308431534
27.645288509306692
27.49789345582475
28.30213780071404
28.1199957067948
28.66990502049792
28.287264387966324
28.657365840514437
28.22960867364969
28.38327911424041
28.806842132907075
29.00845900063081
29.191861672774458
28.902586630864764
28.70382842012178
28.855950222520747
28.181337923643877
28.528432283946014
29.130876816908675
28.822152566767286
28.936228700520655
28.912046050519137
29.114486651977906
28.72935927458617
28.934704494098966
29.035717308819073
29.306644683121597
29.013332803296446
28.926061961082343
29.231552288231278
29.323982954352452
29.306543169804087
29.483085181736858
29.358865913423674
29.3125740632157
29.610395823816493
29.585107777367572
29.866339043086526
30.200278842727755
30.076174637371306
29.842484253871998
29.78785230424102
29.754365155995586
29.86009775738023
29.141115103357095
29.34732680304745
30.101532689686348
29.569147489315128
29.79374429724824
29.97910838582928
29.91974161093797
29.877924497673128
29.968839460850756
29.84152299149707
29.772832238216644
30.012489658470923
29.983054742726647
29.69799222224837
29.96573427843216
30.0321980989013
29.91463773285131
29.9640720477931
30.042327587088124
30.24092787056691
29.327913253501393
29.937592233043638
29.793937744376002
29.56642240539112
29.772611998929783
29.852999863831787
29.476922234870298
29.55220453686047
29.72250059017253
29.96503544659922
29.70005945163593
29.516875507728457
29.80677850206381
29.435393943502138
29.99976216912757
29.93440773547767
29.954244593756723
29.746563321993428
29.934129593260344
30.11511009884848
29.916968986485543
29.82631276991792
29.820059086315755
29.993357610551406
29.637088822266872
29.64005852960517
29.582343787557605
29.722190689966148
29.952037818905573
29.652851730781524
29.569667703267328
29.989382632923096
29.745979531811273
29.72153923858827
29.688055237408737
