-12.166252134181232
-7.845855274765205
-7.732422447490732
-9.963767924826291
-9.102365044495036
-9.736680813827167
-9.71718969100021
-9.484466727992244
-9.753392574422403
-9.44744866917077
-9.873900450904305
-17.538576176925428
-15.681726989632953
-17.190377890388472
-17.753858063276535
-14.247269249504265
-16.142339870856546
-15.139578236246965
-14.825552326839647
-16.686761763475463
-14.036603538759941
-15.158397933467066
-14.30411808410033
-15.865102293998365
-15.577935237036264
-14.329087687647535
-14.981195548092494
-15.710829998830704
-14.76570708097319
-15.807792148000155
-16.280038480271273
-17.76406504727908
-16.48708949031122
-17.030531426136605
-15.684273951777712
-15.63769744619976
-15.037115803233805
-17.541298950576554
-16.909361396509293
-15.254127346920846
-16.537739829556656
-16.4560734145852
-15.703519304709284
-17.144146659829808
-18.419814293010653
-17.52113265479702
-15.768608336816131
-17.189723142365136
-19.220041959910148
-18.979556601146612
-16.24942388671401
-17.291758159467676
-16.920238204592707
-17.445668862947844
-18.46492646048947
-18.62783763717679
-20.046434656490945
-19.43580677591773
-17.461074048598064
-18.273942746601666
-16.280073214958993
-16.476554984493394
-15.854687466669894
-19.15003638406034
-18.539087471628232
-18.745405212046002
-20.22608804589996
-18.552567900973983
-18.085440161722747
-19.034394609168146
-21.84517572078204
-18.413572923781302
-18.361386162622903
-20.26401109763388
-19.114588379090815
-20.01522509005036
-18.48216937667544
-19.340871057361994
-17.670023142941453
-17.937056611594592
-17.210843548479925
-18.34882043055333
-18.226666511725206
-18.391285029255407
-18.870630555033884
-17.690687910098184
-17.571220285557086
-18.922895562542365
-18.606920226356635
-18.385027698708143
-20.027139498170555
-21.290327170463705
-19.196958899545876
-21.691978306456548
-21.644761394653052
-21.734631946071666
-24.476810508397293
-11.521258092024329
-10.978243441887553
-10.824100090087908
-17.314898735670234
-16.213166847992543
-11.638683234974598
-10.935726979810456
-16.23910255385348
-15.152681324263234
-19.142724096343663
-17.51946062950195
-19.6130205281361
-18.91954128261723
