-7.283929437482358
-5.563128135791442
-5.545756790098
-8.262628077528328
-7.797696630490419
-6.796862159693788
-8.064244872192626
-7.705634436023997
-7.568084613893303
-6.743375195769675
-7.530454900521571
-14.678078746806047
-13.195088792085055
-15.567587229012075
-15.287809011150657
-13.82823190694373
-11.419706357145499
-12.068402199126085
-11.586271669629022
-11.608837734060613
-10.636658011363078
-11.563358603990588
-11.539862295136217
-10.550786600509563
-11.560595667366258
-12.451552001080524
-12.49055993124859
-10.320997304552167
-10.912692139362361
-9.335294767913215
-9.988601022449009
-10.34540236065621
-13.418766268869788
-11.586764319942993
-11.041588449144609
-11.474165520687345
-12.2127775368831
-14.677790750316964
-13.082410912683606
-13.457549456842456
-14.163060782166784
-14.658567715386754
-15.106887306556676
-15.35799271426656
-15.30853266205101
-15.448207858739739
-15.164475551966527
-14.615645549537646
-17.32553657231743
-16.65159183450019
-14.863472627517872
-16.52543296940195
-15.066099145507515
-15.702401689654534
-16.950579489251034
-14.045468069610369
-15.249609047871274
-13.698384718417067
-14.915859877029492
-16.523927691980717
-14.229805859187328
-14.251771160863107
-16.63220279595278
-15.141461397094641
-15.015451706831463
-13.751902287802618
-15.053836124867273
-15.139862491912094
-14.849582871073558
-8.37694589565323
-16.830772485503413
-15.915648118329752
-15.484061058915763
-15.652701743679529
-19.33395984447074
-16.743706793772173
-17.045242382034242
-8.569500826261091
-13.933391409190616
-16.368812126035607
-16.26692905362399
-16.992177267086593
-16.5373623830592
-16.393206497523806
-16.08712793505023
-18.583231602874786
-17.69250659335984
-15.620855547918268
-15.117453949882028
-14.357245270207997
-15.969863766391716
-16.191963986067805
-18.24644724127273
-19.79507163552371
-18.439211503253322
-18.33169709359959
-16.685427848648132
-14.81489429694572
-14.714940603072336
-13.69780149389543
-15.17612905581591
-13.638446336360142
-15.568309679575075
-15.130608739269093
-14.4582863376423
-17.03281590270334
-17.324780371538047
-14.66119944536191
-16.071859955495334
-15.505318423721246
