41.580142636009946
51.763184008214104
52.4712029770779
48.198914974048634
46.28049620487754
47.45433649332537
47.15386116211467
47.73289653649392
46.96701893153696
47.42223326613779
47.81750090635896
38.89681088716562
35.926096898799706
36.694564641014274
40.86002942852177
42.29224256675703
44.33922090437598
44.87223681740131
45.744469699392766
45.65750058582979
44.47334177919328
47.60967679223517
46.54280603942422
46.40073287038014
45.37678877842181
46.89588561581407
46.06337423348313
44.642347700396265
47.365186467538976
46.723505513500584
46.762230643763
46.81223657745581
47.47117543320596
47.163782751473036
47.565960494575684
47.79227777600192
47.48437090910396
48.039943337350195
49.04846386310828
49.11294022461049
48.990424002913926
50.08566500212868
50.639020438905426
50.63949134022959
50.831635647198645
49.49481878368241
49.719699382922705
51.17471518408476
50.323648140216605
50.90398128380903
51.42413291544767
49.945905270797596
48.78898036834027
50.7951445343404
49.70914005168155
51.20609091520273
50.36505999639474
51.242634438171855
51.676174199348296
49.021979532570974
50.77231754650682
50.81086275286631
50.18049850162034
48.84213073739023
50.35222261120611
47.917553509360395
48.67390026657396
48.57761530886594
49.6277988949999
51.82090658070909
51.44087616593561
49.60977455917903
46.96371637048748
48.479801170625215
51.14802250507119
51.08073315010164
51.29173247910657
51.50477017907593
50.12195800551007
48.010115341358585
50.01335891464062
50.08577974550531
51.11079797919704
50.90471551056601
50.34339225136782
51.18822268551409
51.38934977244897
51.85460242189671
50.491705811516866
51.501164682483484
50.817936274375775
50.425479030811
51.903815338882914
48.3774302814779
52.086806276781836
49.82015691665373
52.5296560018577
52.217205947979075
52.13559044580939
51.53517117168044
50.878607210658224
52.271350875400465
51.13192739258
52.05789342392025
52.3597473354939
49.92763016756161
49.165381237287356
50.370526670243656
49.919295847972485
52.026811286197535
