7.536863434290244
9.544958220372074
9.465239264696882
8.481054081767338
8.587026722032311
8.56585153118975
8.721458971503353
8.867303834578948
8.896081583146096
8.889230758487901
9.069220236734902
8.221894879297261
7.367328203609244
7.062976874339824
8.13364850467163
8.111481996133596
8.068788238408635
8.137511674800166
8.533234659229313
8.215644809885218
8.271940123181935
8.451016108311393
8.463137452828862
8.357095244975302
8.439083259134
8.468761391564767
8.545078184916157
8.42364259787896
8.753853138873124
8.71573181118592
8.605040540937436
8.978779465347976
8.678760017712431
8.825266853702663
8.913366878283808
9.054644582784784
8.871564070629981
9.232890066761662
8.960558298516668
9.123773728270908
9.092952141377026
8.791829667046326
8.854831702954668
8.842652824513726
8.886049294341971
8.98367429849667
8.900772184421367
9.042573426358041
8.904619097012894
9.110158482391316
9.156321010268137
8.999794955258471
9.063795400818435
9.26271559652385
9.140918687323405
8.861492280462018
9.226841503163735
9.176080587798378
9.328904091038638
9.25072270533668
9.348069493964879
8.970198451349148
9.254170845925694
9.3076375242129
9.137622289961392
9.011521580518764
8.812871491058093
9.22269941634998
9.110985001455656
9.079969743600735
9.042159837568823
8.974648612624812
9.180528916795934
9.11410291724723
9.235014554935509
9.132091310886008
8.965000545427978
8.982458990708984
9.13162956841976
9.096145244765378
8.993520875016449
9.107807344045144
9.100225317494495
8.993887979251085
8.998909289420329
9.269176438927198
9.108594668312357
9.170001679449184
9.265378103148851
9.196990716981627
9.100574104840748
8.994070588824115
9.28687197171845
9.353370367048703
9.446019257466341
9.245785461414112
9.326255462832423
9.306245877947982
9.093328630181794
9.08143496936991
9.121603871433118
9.031730832925163
9.042316916930766
9.141796519921929
9.05683990708516
9.12759963102195
9.09601421621615
9.107438192510433
9.134765039133146
9.319853871294779
