-0.5279280235511731
-0.26414497473070736
-0.2602830581519077
-0.3924167442759948
-0.3524094108639139
-0.3098937372035566
-0.40048161600304005
-0.4070990410391848
-0.34666087835324166
-0.36232715456188536
-0.31084427407107357
-0.6049679062252534
-0.6131483938337627
-0.36435620495901977
-0.5403666335234617
-0.6253958322962204
-0.4549820326834581
-0.6296316172030698
-0.3148092404107275
-0.5104506981097916
-0.3279252180325017
-0.4902379412702563
-0.4808720543097569
-0.304501103408887
-0.3424966402987805
-0.28341327002247774
-0.5574075354302174
-0.3267973353465167
-0.4300909284546931
-0.34484177592895626
-0.5863024412607709
-0.5988966794634762
-0.3375744662877158
-0.30351668339785165
-0.338063761973906
-0.40107488714570994
-0.33597309380447093
-0.34935047899653426
-0.36182781384269236
-0.34006054462687096
-0.32227710510573826
-0.37971776315489636
-0.3463889723736472
-0.4108520126454005
-0.35451748436044794
-0.2927100593625445
-0.30485812857963557
-0.32874590306939466
-0.29982901783733273
-0.3215980041671606
-0.3324463960627527
-0.3289678973402279
-0.31986454976467826
-0.33615280079067755
-0.4561075314349239
-0.35390724916824373
-0.44422631256871087
-0.37588864251236703
-0.3006974782119488
-0.35881102325814396
-0.34948523240738366
-0.3301018998338795
-0.36795362722699976
-0.3570008088249161
-0.3833326631701927
-0.47789427986722394
-0.6636840865104819
-0.3429554859078591
-0.3571560686398779
-0.5890795836519991
-0.33864729670664506
-0.3417204897225516
-0.2937734007120143
-0.3265657684006291
-0.3063016979209851
-0.5754442586554972
-0.3038680327302443
-0.3600673627584191
-0.2994499740885631
-0.31023554343456544
-0.28190754240633736
-0.2989909868251967
-0.3463056704458557
-0.34720907311524457
-0.309954228239117
-0.36625960386820655
-0.31332919599268444
-0.32005124533255036
-0.3596344842161961
-0.687745975093382
-0.5384018120647023
-0.3206948657505801
-0.32112211763918397
-0.6309627815826931
-0.5046991786930024
-0.31256695950263047
-0.307810046838399
-0.3054298179800579
-0.3091824171419859
-0.30884870830649336
-0.4969461103616936
-0.3280717197087218
-0.3171017023241628
-0.626418428708903
-0.3304591316387278
-0.3440413707497704
-0.3149686629248697
-0.3333669909154558
-0.3152487830550454
-0.30690900790741965
