958.3790780103387
1162.4357531899404
1160.1710389912723
1072.5334034213633
1099.6163263911728
1105.4609126495448
1113.7120914467391
1063.9558147308928
1089.0506040669823
1099.9104279833011
1100.5041676887033
1109.1613866974258
1115.4074802070336
1127.8614736728516
1128.2291939011338
1113.0372210049534
1145.186491901983
1108.037980176821
1149.5673468785403
1168.3713033963315
1164.29155174573
1169.9449207110197
1176.0128862137492
1179.5161543802853
1171.5910707400524
1175.6890594039737
1187.139051481929
1189.5100124346989
1188.2942986779951
1193.8998779664773
1192.857413014693
1194.8765541923683
1197.3185776210835
1181.4355246722903
1198.1641045902204
1201.5142105484072
1199.4648587237205
1203.6395641636018
1205.4033501849412
1206.0496278833414
1205.6334369092808
1207.666322568305
1207.2308934744437
1207.4505968391863
1207.6781855027016
1206.9176442733458
1206.3672057309752
1206.8399695627927
1205.368995201564
1213.413090902751
1214.9349502547495
1214.1803158170644
1213.2006088981962
1212.299802067532
1212.4596750006335
1213.0966103148432
1212.1937771270914
1211.992423276141
1212.1955621805332
1212.6055206878953
1211.7266594089042
1211.7509581317217
1212.6488627535734
1211.737741132383
1212.6026449454307
1213.2099659897476
1213.2467038998525
1212.5070579263345
1213.5657277866785
1213.5274839489825
1214.2731004612683
1213.8181464729496
1213.5211570058916
1213.2400383785068
1213.2965935477332
1213.6781516740502
1213.1225358719769
1211.498556458078
1212.5499489835395
1213.0712903707006
1213.1741805243676
1213.1979090451034
1212.9120753275847
1212.4530154035888
1213.0436467982524
1214.1742184619509
1213.4099665557483
1206.6852239983887
1205.6535936882556
1210.578716431271
1210.3167221958377
1211.0297988183615
1211.6276890761783
1211.4382556628884
1210.9559327199972
1210.798601521247
1211.3375402850336
1212.0316664396876
1212.5397476293294
1210.5485291202258
1212.160250027699
1211.1586887305095
1211.9238297506668
1211.8207910821338
1210.8118771146526
1211.0720439079846
1212.330499419039
1211.905960472225
1210.635298763786
1211.0071377506183
