-10.856079008275712
-6.847226582507862
-6.424276862157415
-7.671988727929293
-7.43628228124866
-8.785208994192631
-7.556929139853767
-8.134304589716201
-8.214521292852282
-7.452643369388489
-8.514645777997718
-14.944078741837167
-12.137662628774233
-12.999300138160137
-12.465984813992508
-11.507333987266474
-7.466715417188628
-7.929910574659662
-13.15219080523902
-7.498110739323518
-13.976470228402462
-8.088464118327375
-7.467567222883435
-7.839672626526328
-7.913761581882435
-8.21361071312482
-7.69079092215775
-15.52627871102172
-8.086874212015822
-8.92908519063359
-14.098827170606317
-17.473682245554166
-8.939847553781963
-8.79175766768846
-7.781644290245385
-7.690629719412081
-8.752472008092036
-8.174715716494148
-7.883015782162799
-7.7520083682845975
-7.986734023153842
-8.57853595762441
-8.885923296003929
-8.726246474133186
-15.033422389856204
-8.761934484784279
-8.348696105520483
-7.7486219414269595
-7.9134298293444845
-7.5530385851867345
-8.193200711097365
-8.812529931135945
-15.958088161255914
-16.296503999619258
-16.929445576509437
-9.781590002717477
-9.819322439763011
-8.886608774444952
-9.324425932864305
-15.46990845523786
-15.630042839121721
-16.580315302099795
-8.332566615996571
-15.367080559644842
-17.972640055621323
-9.361664308428931
-9.30083807855022
-19.024265908620126
-10.502782608833135
-18.72385841009901
-10.191238087756311
-10.020644418231567
-10.111425791951916
-18.11054318484529
-18.693440911015667
-18.117553144835107
-17.461549159911446
-16.59101839922375
-10.572861116047754
-20.28485918567613
-10.630479594650524
-10.332443089808322
-10.365582949801956
-10.459087022449188
-9.741350841487593
-10.720916548557161
-10.246598218175237
-19.022242591308725
-18.084876339995162
-17.351444881452768
-10.106843178352
-17.209491717940665
-17.302529269682957
-16.171646543407043
-10.600941442297474
-10.08843430370832
-15.674414068003196
-17.522667363992255
-19.46154799891374
-16.35602344394609
-18.473027150130104
-17.126010233267152
-17.35856266947158
-15.511616735502452
-18.260166370292715
-16.631142466757968
-17.45204724227388
-18.087461973589892
-18.296987640735207
-17.57054817689684
