-0.36662500676128734
-0.27442413049400916
-0.264505060898746
-0.38100747461960577
-0.33156646471833695
-0.3305585167650282
-0.362122041794087
-0.3475335343770308
-0.41439946481129275
-0.36817857710983
-0.30934962960718276
-0.46023165471474814
-0.5226138178888965
-0.46281579687454094
-0.6066071819035337
-0.5719971387350846
-0.5713461176591009
-0.4423933253693287
-0.5246108120796684
-0.38337194106609157
-0.5309094085655307
-0.47850258087071196
-0.39584389423551386
-0.42293351358007975
-0.4424394246084329
-0.4611950798926137
-0.4100793204707018
-0.4015875676388402
-0.4776092718701549
-0.38943729381008635
-0.4916848830416771
-0.3791946414330818
-0.5475562492436429
-0.5871269376795322
-0.6840325991793245
-0.4717002455885327
-0.5601969063132284
-0.44060515812244977
-0.511452290331786
-0.5059147175308776
-0.6295095719504733
-0.40605108809932217
-0.5306376639236723
-0.4802441494519137
-0.3809630025420959
-0.4518754365998149
-0.44193417054220097
-0.4005903265013411
-0.5613796767448493
-0.42899867659112106
-0.4072838292240041
-0.3810098634051925
-0.5860267604745518
-0.37526523288786634
-0.4553521429776164
-0.5226080931130956
-0.5736561555856162
-0.4725814469403493
-0.5074596081840638
-0.4168849276150853
-0.5664324832528048
-0.6451159686056055
-0.4662578955709264
-0.5517418288845549
-0.6469920612980953
-0.5778670615943877
-0.5858964109436922
-0.5757582891601686
-0.5965846209362893
-0.5490932290982647
-0.5567600129822046
-0.48599935642827696
-0.7160861998276115
-0.44752703567046626
-0.5392601717146858
-0.9325547532150951
-0.604402370155859
-0.46034248234496983
-0.5877757207770918
-0.6566672866872483
-0.36597216149494133
-0.664037057676542
-0.5881273825111003
-0.6759659819141992
-0.5393819729886564
-0.6828070348234251
-0.735793959860302
-0.5843417413377735
-0.6497054932788148
-0.7079331060589329
-0.5568011552540169
-0.603374958226642
-0.7535000624349544
-0.5572275543091367
-0.4956316098574918
-0.6320508761570117
-0.6083036669009401
-0.544887316899763
-0.6743908207875513
-0.6354869441648948
-0.7944214254088814
-1.0094873902725783
-0.6979468411311774
-0.6594904614710076
-0.9758427070634303
-0.7481068931517995
-0.5104111487413311
-0.4798540381354331
-0.8913057738885873
-0.525420139026693
