-39.156165586363294
-34.8296365614853
-34.650624695609494
-37.119122834684596
-36.130341128517
-36.36680514374005
-36.11683070367329
-37.025641041718146
-35.90642960015944
-36.74065238847049
-36.39495646308477
-46.254416070281025
-45.35726367288496
-45.63236534626529
-46.25433066149644
-46.72147989605374
-46.67047237321612
-46.248014541084494
-46.474884475101746
-44.810000886999674
-45.24534775796788
-48.135324976616396
-45.4656354608796
-49.79040653538563
-49.706790105955484
-47.25425253941765
-45.70907427429077
-42.438888367648055
-47.826127246841814
-45.55546571284141
-45.6650344045692
-41.55618012913197
-45.1125780798221
-45.876870105130294
-43.264397587299456
-44.21214942397843
-45.4290987541188
-42.98352464814033
-46.58068733194095
-43.914645532695914
-47.6987546052754
-46.13514777875065
-44.122733440526595
-47.674608062257676
-45.00189694240793
-45.43414256567072
-42.697185934879194
-48.099146095428466
-44.22446229017559
-46.759634457910174
-43.33445402706326
-43.443515208317486
-47.04945871541084
-46.8345633976096
-43.11961276143209
-45.71541640518819
-44.788336804539064
-46.68717300195255
-44.90344153054962
-42.83143070429526
-45.35194664705501
-44.088265861366644
-42.215300650214836
-45.88278844314771
-47.776146845526135
-48.171294375836176
-47.72644211468913
-43.789632771566836
-41.32860139019653
-47.11995564241358
-43.54749616865161
-44.573146590865576
-41.00578773221468
-44.097870172217235
-43.98752517827977
-35.42038915798682
-46.83154477475789
-35.61123550061855
-36.41237890156032
-41.899167584080416
-44.200488525134276
-44.37604398101939
-39.9634027596514
-43.92239432493805
-47.14362841331657
-44.617361292340625
-41.15792815469555
-43.027331296128914
-40.08575019727982
-40.95892387317479
-41.91686085787961
-40.5500075425989
-39.43644134414166
-44.340630240409034
-40.3124401578784
-43.590157879075946
-43.02437626657435
-42.1467613226061
-43.43468171745505
-43.584082174376185
-43.9522569613654
-43.16335127662633
-43.5485274544488
-41.96201497520189
-41.07733979866778
-41.56092592388334
-44.4147788104058
-43.59851259455947
-41.90829242084404
-44.63697185471343
