146.52843550906115
168.54266643902312
170.04241493084425
158.42876026012246
161.30480692826424
163.26837105605904
163.98629382116076
169.9315219386203
168.2310018563705
157.58334371242515
170.63959772337014
166.85991461383477
162.56803960111574
158.73087344686886
164.28537811129922
164.37657359277713
166.24396838677293
163.83874104495814
163.80622577608955
170.40255439323084
170.04874939495292
171.37113063960572
171.46003264302487
171.3322462123232
170.10415650331484
169.8412714293984
169.90100549517084
171.92584724513722
172.59142002137318
172.45257071491397
172.4826264812685
173.0741185489738
172.83066104286468
173.50651628764913
172.20031702535437
171.26184851805377
171.8053188898454
171.63406211649553
170.74511745052556
171.4341231548701
171.17698379997225
170.87391016111823
170.76958910350112
170.97503505917734
170.70029049801798
170.2453860300763
170.65610718449287
172.05138459438965
169.77643727337994
171.16778696282748
170.29999815014796
170.29448102130124
171.1220246734892
171.47402787339107
166.17420840270614
169.49227442145863
168.18334516133794
169.45707862104987
168.60747171817363
169.2095657360833
162.66352205474834
168.15612316595
168.74803845912288
170.06790568790024
169.8574018267375
171.2851925450327
170.65835207201383
169.73978226890736
170.42926318102897
168.89958240616508
162.32858045571615
168.50262695052746
163.02732480261423
167.02269243318815
161.01967628005895
170.1980527200795
169.8476081483091
169.62930077457142
170.74870273831135
170.32484493265028
169.99845802571662
170.94856389302606
171.22491007205778
171.8278009376446
170.74959477547375
170.35723948547974
170.693215108171
170.45125220483746
170.1686600361741
170.38108720625883
170.64667555553353
161.72256781782534
158.76403676734185
170.03026739066718
160.6724243521394
161.51968778152315
169.54456142406656
161.4352763694836
170.9808743322346
171.58468380103662
170.09360176595402
169.19325908291623
169.91974576299984
160.30059560971713
162.09270215835753
160.87911390264935
162.18583248458907
156.1902881939665
156.03691746378186
169.76268839430472
