28.403855185400204
30.974000120994585
31.059560365441225
29.853788833707377
29.966861273568185
29.759347892819214
29.92309318649987
30.389940856301575
29.779313536405105
30.110836064642342
29.97926376865795
31.85191448127504
30.187346484959576
30.26543986526677
30.578846548672804
30.774447272256566
30.894643975899616
30.49471713604538
30.953617582529578
31.21631424590877
30.883391873562584
30.677752983485323
30.74456530790059
30.922999817933942
30.89862871389131
30.883339478792657
31.04402656663349
31.025577322991968
31.014726207431185
31.263522245720214
31.217037700553167
31.206656556245992
31.391781955627227
30.480756683238262
30.75040737103853
30.76724873105858
31.351639364249834
31.12273928626477
31.521628526244648
31.32568366748932
31.11718489163319
31.505958325250244
30.930429033543554
31.546872790987475
31.59269783708052
31.26304744152961
31.06687005327603
30.617863434113413
30.476122862019608
31.183425323045995
31.28609724846969
31.010594500179856
30.64093075643466
31.10001423326997
31.18082264827515
30.584704749446875
31.19138282356879
31.315935507547437
31.215011222247565
30.886330438364347
31.223235449262706
31.589154342446086
31.34762315182378
31.022313141852297
30.54522565167862
31.257554765694096
31.066639179665945
31.07379162398002
31.23877417434244
31.45748745787031
30.824599547029056
31.35147342969599
31.22037790460253
31.3372750596159
31.23418543445279
30.82923040996853
31.0209783342329
31.046594842355113
30.82882380526785
30.64030216558176
31.00885403308901
30.58227988375105
31.317772133152403
31.292857986714907
30.537483651083154
31.09146743658931
31.338602092933034
30.642862707144605
30.923819331121212
30.885406470661714
31.126218701510368
31.02932589377339
30.513352728828355
30.73485635851596
30.731266753095408
30.89757825586664
31.10133916390997
30.937093546439925
31.304175313130536
30.528951155630264
31.02166039021358
30.839601822910346
30.96036373206487
31.106458534915543
30.530954568188598
30.37150624599328
31.14961448308921
30.92978457671706
30.666821517796027
31.114805860739324
