-0.5688556081424994
-0.2459048145623181
-0.2778729071582106
-0.38995612768715726
-0.35633859205865925
-0.35869711802429355
-0.38034841981953704
-0.30779907564212294
-0.2966702961812468
-0.3495685934870697
-0.45371268990256125
-0.5364424587969266
-0.4343699086193489
-0.40071254839859954
-0.4307086501126487
-0.6070572765747237
-0.47365390484471576
-0.5220465269230988
-0.4032005958557728
-0.5643659774723154
-0.41184088615194253
-0.49309111758422636
-0.6997994517984262
-0.5493471345902468
-0.7964828878052385
-0.4582438388876894
-0.521492561567157
-0.5607317985505504
-0.45429206479580353
-0.5727733135539463
-0.4285618870176481
-0.43940381012078117
-0.38466183483901467
-0.40926629646509727
-0.44693023982600916
-0.5238735206267123
-0.4558677403264556
-0.5237654471918892
-0.4693244771654854
-0.42203534699697065
-0.4775131860168215
-0.5018706254186036
-0.41316505735136533
-0.4999022399250718
-0.4111649420111568
-0.5064484154778053
-0.46577972162271825
-0.4864143212645053
-0.6101605629735495
-0.4288820718931305
-0.4815647555324126
-0.5902115787235099
-0.5008105793280099
-0.4231205196076101
-0.43307527539483476
-0.39762474723597274
-0.5670748224860102
-0.4318973056399106
-0.4423607882455135
-0.5134789252880243
-0.4497403477915876
-0.43611986701941524
-0.5015546177586334
-0.4745852283664315
-0.5144900192459775
-0.5157064416263456
-0.913167322471193
-0.4579098941969017
-0.4656154439772618
-0.47991065069474914
-0.4432154613242258
-0.4779920704351371
-0.4305142636362353
-0.427898025863468
-0.45909979264456063
-0.4088662272995047
-0.45406023499800074
-0.48480869062871196
-0.522415917935781
-0.4140620094382385
-0.4393903904499385
-0.7761565669309473
-0.6046654306789141
-0.6685287661099548
-0.6427000724015061
-0.9186246510381247
-0.6244379089670555
-0.9624449036003723
-0.8364450897641139
-0.7806447449398503
-0.6820069633672161
-0.584832932179911
-1.1097128299550343
-0.8024666123307902
-1.0539157718493863
-0.7678378321933731
-0.6440427734961952
-0.5515269541786458
-1.1782480807929905
-0.8839578119691271
-1.355970595895081
-0.882137462824753
-0.6862974569703233
-0.7293112834148489
-0.5504619366346923
-0.8265707277202347
-0.7158984780207561
-0.6022545782735037
-0.5653904640507349
-0.7977903779540348
