-41.694239760775766
-38.77748768669211
-38.24627496334074
-40.88487120554017
-40.32445153865281
-40.61364486821836
-39.52410046097526
-40.396963205438894
-40.598356028190125
-40.403033908607526
-38.37002433976347
-51.762566856899035
-52.59912974596784
-42.44541620540828
-52.90431497055146
-50.31193351868264
-52.1102708030017
-41.70604699494491
-42.15634613119589
-48.996851450700674
-50.06174405498075
-41.18401830989181
-41.657130008906186
-49.53945263620122
-50.63285726956039
-49.43458661516991
-49.27935558589222
-50.756588438453655
-52.38865649677225
-49.65660183455822
-41.78783723558111
-49.32521482053607
-49.592109702497154
-50.801490774670796
-49.957932866014595
-50.161010791346776
-50.95397808964576
-47.99783246777838
-51.13328866994286
-50.94732414913345
-49.88335393790485
-48.095654732609646
-49.994792049359745
-49.8891087583602
-51.164356240002526
-51.35245678814953
-42.7401410181044
-42.12036409058717
-50.797498595207735
-51.850907656655096
-52.126418898365124
-52.60781400171632
-51.345035769055855
-52.679875269548575
-51.48599682306535
-51.62476423075751
-51.765809366644135
-50.95612572544722
-44.4996693623598
-49.82862604495404
-51.22068586485921
-45.615425457887405
-46.018478863486656
-53.5236162393518
-44.28924940975191
-44.56923775726993
-51.08769963405647
-43.560755731670184
-45.22238937352399
-42.19838599017193
-44.09601894036874
-43.05866860192602
-43.151099851940266
-42.81927625791666
-51.10927300527584
-51.22427896170515
-50.11512055186327
-51.48385461429886
-45.05198710700024
-51.29979738652372
-46.72259217702695
-50.748512853039756
-43.67961094712215
-44.006515428870365
-43.606333131608785
-42.869676280331774
-44.547725675936704
-43.968536325556535
-43.95924465197937
-46.06250419680606
-44.90833338224119
-44.959740951691145
-44.96484031548462
-42.94816372670178
-43.98276404297682
-43.57207902912063
-44.53261853766706
-43.84437823368201
-45.1239863411648
-44.12005806825535
-43.296754116664154
-44.746261174752895
-44.84815434100966
-44.16370703848037
-44.17484008148805
-45.00187571090036
-44.673919876327275
-45.12239801919929
-44.22289407586366
-44.966195187299
