1518.9320639964237
1877.4953704033758
1902.3209975797408
1694.1158097800417
1710.9665371641725
1721.3143861315295
1881.0973248437444
1708.7471361844161
1910.8520103219184
1899.664532422426
1922.3322641051145
1907.4849276929003
1891.0801629160012
1928.8703758053286
1888.6394966462717
1879.055753289521
1902.7337065867332
1882.0309016935698
1886.6295831423843
1883.5733753372967
1922.5713772649322
1898.590585696042
1897.4591113756458
1941.2922132085757
1906.1266604695109
1903.5644932552443
1910.672979038367
1917.290741419454
1922.5715313143119
1921.859293816112
1910.7640782785459
1948.6065392097107
1915.9965234019253
1914.0450531035108
1930.1728828135126
1957.7281731922224
1945.5443689455362
1988.1551949753941
1987.4132533463016
1992.2359784632524
1981.9163149095025
1988.4321225306903
1994.944089746259
1987.2529756067954
1981.055600602853
1994.8472613506196
1992.454574624418
1993.053324409883
1993.0147679521558
1996.500764474154
1995.8050832190502
1995.7732353984843
1993.733804930561
1996.935231924352
1996.8694665424762
1995.5556620124507
1996.5729820787446
1997.373035663257
1998.0032404639715
1997.9057852755157
1997.31652802472
1997.3481110957127
1996.9590821638687
1996.9516257025878
1996.860617913572
1996.9679813270886
1995.914642656928
1998.3370204724658
1997.2229972026373
1997.909696271749
1997.4552128260466
1996.0601697266013
1995.8400654371408
1995.7678478762577
1994.8561833572778
1994.981179959283
1997.4269408352325
1992.1416013735763
1993.15724167319
1992.723715602857
1992.9116851026758
1993.6978514809823
1992.5578537612778
1992.3569635327522
1993.077324303514
1992.4716055511387
1991.4811521735335
1992.0463411164455
1990.4661184060128
1992.218807938267
1990.74929057452
1991.277605807829
1991.4448125108324
1990.3662325824541
1990.8728880116207
1989.4688326292599
1989.7531135140064
1989.8187868686457
1990.2851905629425
1990.6965462295927
1989.2337443328256
1988.0356157664385
1990.312904785651
1989.0469184623444
1990.6407468240259
1990.6036232833058
1988.9455191359607
1989.8754149407298
1989.4419235997354
1989.6971630722348
