27.224680209081505
29.470654971336103
29.153671316782702
27.397360020979875
28.18616609892348
28.83384685245642
28.100967892693216
28.965668625178463
28.02817177113404
27.898721932473897
28.449608256362552
28.549076131715527
28.523823866346916
27.558660911585065
28.04636208475377
27.75293446391572
27.66262949650768
27.86824860633428
28.110120200594015
27.939939463454024
28.203158623648015
28.40979586466939
28.963986341003547
28.75594454749322
28.38351260912668
29.09410273419045
29.150083808349816
29.139688970615158
29.305356485287145
29.202546796151452
29.106653361967506
28.69343761944508
28.97597346583291
29.17754842419949
29.05007510907803
29.344701526733854
28.94528525914098
28.7271809887353
28.65081753449674
28.710880491493388
28.91827705638157
28.967120704537365
29.04471241479442
29.003466965120655
29.26950127801067
29.000228932040667
29.28834206294438
29.07537844694607
29.437782594843927
29.0917541545494
28.992887290952137
29.115730142992025
29.389308206503106
28.65065784130353
28.70085023607603
28.95533363827414
29.41994683893402
29.342682294628847
29.1538637483688
29.11035308080585
28.869811476565996
29.09373381803453
29.166416926775327
29.150047490280695
29.041887406257747
28.832113546428538
29.155541351192895
28.872887234468173
28.826775861287675
29.67208079180059
28.915877264206443
29.23191615111268
29.390657380689955
29.21504853264108
29.1385547957131
28.923099532630314
29.353583345007632
29.49565329577694
29.63285544575085
29.49771290261463
29.525183926454737
29.67471173904017
29.64144037029409
29.213492120701133
29.397955818688622
29.161348089475325
29.669647705002568
29.47688981576526
29.329674698796925
29.55001214247573
29.296297354775636
29.433223117605294
29.61812019848597
28.918601087917654
29.3478288254812
29.44431195266446
28.71310826658117
29.035136308671717
29.57648585275812
28.561428142703072
29.29069498901038
29.257282703625922
29.03250949631379
29.423095238678485
29.249671005636287
29.610278269468818
29.298268298781316
29.19090841179527
29.16539451781348
29.14835412174414
