25.728833006797405
27.680236454689137
27.671924090673986
26.66029820179644
26.792324273250777
26.89451483424652
26.904037967664024
26.935046482669794
27.73832241745459
27.015629255333803
26.8250367238417
28.262402822145013
27.24047559814358
27.249720452531978
27.357825356635853
27.509978265043245
27.568633813046024
27.5096463883668
28.037598067486844
27.87553666802217
27.815026913719386
28.20484688355413
27.63427943697067
27.770321196122943
27.820554334350216
27.754558680467905
27.93783067941806
27.875837155611556
27.834017516733528
27.575791015401084
27.589981390794776
27.420516340434286
27.539436365822386
27.68584672948595
27.42641586054355
27.202375060725693
27.332265225474412
27.517585890222218
27.54288359932595
27.686899376715314
27.634259524272945
27.67662329905635
27.67012137134271
27.896072546773286
28.10601310324999
28.222508171577612
27.69567365201245
28.026536949733135
27.400990260266756
27.492262433571003
27.19107710130839
27.418737358290382
27.499448440422814
27.26394234335088
27.4788478851723
27.543293874379362
27.565247348352926
27.37863585389531
27.210780754263272
27.117265435684082
27.266215901179677
27.302086779334907
27.419479972333274
27.222196206349185
27.079822228533516
27.34813518512633
26.771018010727225
27.13307192110074
27.129049295735452
27.22780974089554
27.21889445833628
27.370610034117416
27.27619757017773
27.081551553590803
27.153874541567014
27.210513037223105
27.357651361344267
27.406491041703415
27.384305664606437
27.38282864774685
27.386797186620555
27.396904516060427
27.172660627066524
27.371803111913216
27.00091338289556
27.428786791016154
27.06434094775113
26.97391500149727
27.063991130975502
27.107982405003188
26.869203655415046
26.705040254905576
26.936973839941558
26.55486667436649
26.774433079357795
26.71494019696435
26.762189887364755
26.85816993656741
26.892676000847953
26.474035749069202
26.714495964142884
26.73903871239589
26.824971668210743
26.882825507943934
26.64003929120747
27.03620314661312
26.689502101325207
26.648963498371305
26.6738955353558
26.738668075149437
