-12.788416770068237
-6.772093190643105
-6.2618364374437325
-10.77873805925692
-9.141605641431916
-10.679417792662916
-11.100823826147398
-9.019546310681427
-9.70735397465049
-7.781563731692708
-10.137347041580798
-18.839442867610334
-21.08258932783635
-13.687309964320747
-16.295856783668608
-21.27914606725351
-17.74511362713078
-14.36967945756804
-15.649397431614023
-15.602737486443838
-14.10858046096747
-16.237149097587068
-15.03492925840946
-20.043607448164764
-24.205149276713623
-16.647458624968166
-29.77619763368355
-16.639773174543613
-19.060675776208353
-19.558130054508183
-17.155097752301486
-18.322583810453104
-14.071549363393968
-15.656414033875064
-15.834818909517143
-19.179140229280378
-24.618367238486137
-21.938238407201702
-22.605173925749956
-26.500745414498585
-17.10408822905109
-15.46588501871937
-14.548727820134642
-21.09090736950977
-18.898683441285367
-19.341078504859595
-14.879495957421387
-14.982571265469078
-21.109718442712744
-13.129237393074066
-14.804776452712922
-14.447349992050125
-23.64913362325892
-17.99314317427574
-22.700663643329055
-18.204977628190722
-14.341042555981733
-13.474610377744295
-13.954793372543243
-12.470473762130625
-16.10351590647268
-16.702084113128958
-20.224051603206448
-13.131182577349698
-20.959749543268686
-20.06475938636996
-23.76510767629282
-24.903939674071985
-15.920238368968247
-16.126847569052252
-14.56492604314701
-11.121734186603172
-35.98489264342047
-26.789928936273924
-35.624261749625646
-20.969791950275333
-18.01952577362801
-22.497578623797498
-22.75776142052621
-14.273171261237579
-16.919447294504483
-15.791881922849576
-13.718959481003191
-15.942631022921
-17.776168907934608
-17.26831370512742
-18.540690184614206
-17.78709726606588
-28.653516419990527
-22.552102605229415
-16.76263832228645
-22.21114477153896
-30.274368531665925
-28.998050651138744
-16.078572952364702
-21.211602754094656
-29.691870151285276
-19.77672008933817
-22.116658256332258
-23.37706268093724
-28.42806374543408
-43.20453717819142
-19.67279263756692
-21.45830374526012
-36.72246241656629
-15.095515570819336
-16.634039112924544
-14.514570420935554
-21.90030156133287
-15.72705564008385
