-9.15958371203394
-5.648907700451633
-5.361338281172537
-7.186152154429465
-8.13405401900301
-7.547012921772695
-7.515497425667405
-7.841069258106292
-7.5943975468156175
-7.6504521623761725
-6.866011959122648
-15.51097777177132
-12.399598422515966
-12.36826268007405
-14.077448507831093
-15.563796970866447
-13.551746358943152
-13.00737292943911
-12.627796236856542
-12.938190838009803
-13.000754307840323
-10.887117133568395
-12.034385972596196
-11.727037869569518
-11.237639111553282
-10.653473392451177
-12.214396999051965
-13.882069269838233
-11.891787379665546
-12.388308764943355
-12.92853466364289
-13.324894768625086
-11.469536840757456
-13.071653811851773
-13.321595237695972
-12.846990973879171
-13.279713709273938
-16.937361728991714
-14.364768938565172
-15.314876040248066
-14.540495458486674
-15.00054214588802
-15.79619983809228
-15.614738177256283
-15.935094013075602
-14.364068323190107
-11.285326902862838
-11.748611562049192
-14.136795688995372
-12.396840355478373
-12.044052242756166
-16.906435726981464
-15.833207460563676
-13.739492335060865
-15.083476929273074
-13.693422042580051
-16.03236102517028
-14.671327718588506
-14.943853087080054
-16.870654650709337
-16.350940809727824
-16.02001671953232
-13.917395005078003
-14.095568125843842
-14.814245967365883
-14.563279512385204
-16.566950102476586
-16.860844583370323
-18.997603329745022
-17.601852869095502
-18.670099050607053
-14.807459939438836
-15.726706116057027
-14.785297487110288
-15.486133078831793
-14.300121455018681
-13.361989003524554
-15.566530434242754
-15.687022946672714
-13.677807348779375
-14.763779369716039
-15.020902996548832
-15.168185352882595
-13.346424676224263
-13.786335030702785
-14.403823644619003
-15.72736552306124
-17.329577585914773
-17.29786128043544
-15.176730999111797
-14.310072541447854
-14.206690642596044
-14.629965855260838
-14.301165612671138
-14.732296967282956
-14.769025850153389
-13.29153245111388
-15.480984878855109
-15.965420584273545
-15.395620770717475
-13.895600556728365
-13.543828914724298
-15.174048892912653
-18.226303639994327
-16.76139808540494
-17.272449521806557
-14.386161669156904
-16.2003917072229
-14.505365684478935
-16.778362707305362
