-0.32855332876593385
-0.17829811118252586
-0.1826058073149613
-0.21878141169695303
-0.205917710616213
-0.21025883501439738
-0.23294422351757668
-0.24398345114440784
-0.22168544896362988
-0.18363574919793663
-0.22618513576807672
-0.3370638245191719
-0.35275058964795225
-0.42284241379710386
-0.43019396392632975
-0.47227743888509577
-0.4038572877898165
-0.3686457728155856
-0.4578637725799248
-0.27469121493155363
-0.27583750507475263
-0.2923565248437127
-0.38372073217428465
-0.5251597880819123
-0.3716289749715392
-0.35605549150803095
-0.34119026659254226
-0.3319298674910319
-0.46469376755001357
-0.40226615310594854
-0.35718919975738994
-0.3203090504349833
-0.3080371643082652
-0.3481457738600133
-0.29668013378022673
-0.29264351998205773
-0.30967113705836735
-0.3532188530667512
-0.3587933152251481
-0.2686643259376111
-0.3632392589970164
-0.4152478249503796
-0.3877460190309014
-0.4622639236529132
-0.3432203123692514
-0.42285908174814313
-0.34301107752804716
-0.31643640639445286
-0.2972290164369784
-0.26186315211917693
-0.36560843517887714
-0.3116852351045387
-0.37124455086073754
-0.33874761193261216
-0.4257250196759908
-0.3334945872262774
-0.36321506954219385
-0.4298172356446478
-0.32533436182215875
-0.44303751829769794
-0.36434810626560843
-0.4801455412771006
-0.3876402504135192
-0.3156900512941406
-0.41410001925079787
-0.507269834767915
-0.3381257717535972
-0.30827281914180965
-0.349538610612382
-0.2875896100871327
-0.36936395289623186
-0.42121797460200994
-0.39412690598905703
-0.39954285481559754
-0.33920978367126886
-0.3926459511255383
-0.43776713406192336
-0.3439238211600168
-0.3599905999203398
-0.29483055153753635
-0.3363312270046862
-0.40252938659697673
-0.5596511721784933
-0.4803306733535803
-0.40721240243358015
-0.3901877066902232
-0.4105417161735163
-0.3767105822939736
-0.33652726072209144
-0.35570407181244834
-0.33089522488513556
-0.3182188868162448
-0.3466997589403468
-0.3373725603420125
-0.45454323521295426
-0.3247958414605904
-0.35092106940611145
-0.31664950214428905
-0.4389530396064839
-0.3260219360754074
-0.3673213677004194
-0.40311830882263466
-0.34350098221356307
-0.41356494127797727
-0.28086849384628304
-0.28470387769402844
-0.4106386443776527
-0.36014315387740814
-0.46895886230535105
-0.3775613531368721
