24.627318902313835
29.861801550379422
30.46512248249587
28.411712765458972
30.160957905467562
29.17391218258929
29.88585935095415
29.99905644616588
30.168431804355297
30.196474672792554
27.964757577558416
28.66551280870689
26.419492400832567
26.024242867094983
26.58498097164523
26.33536414335382
27.121871408181843
27.46554597612465
29.67037820463471
27.292159312635604
27.06855829559278
27.38735009010307
27.92283620353268
29.821276336921496
30.200346084499426
30.103262634765674
27.40541993882387
27.835975799231765
28.84134310208701
28.51563627217528
29.63143819493793
29.88185067482847
29.1461909488072
29.52968141170446
30.186448067048975
29.909770776825628
30.150612054607908
29.573649685008544
30.05252839981218
29.68787558942582
30.106592835255054
30.123414661142096
29.77927062748719
30.126349811044157
30.248705987712725
30.18552117792618
30.297960606499604
30.196344540023762
29.91422418821836
30.417158911765625
30.015076010443238
29.52717675033843
29.77042572340693
30.17285988662881
30.115264357704042
30.255179642588033
29.494597363518523
30.098342459415374
28.927391069209335
29.014634440414188
29.898811251751994
29.650437125914635
29.133869789397487
28.63420555490268
27.510949673984253
28.68955798536291
28.60384037821632
27.89586219168604
28.302554459373674
29.33384247280974
29.37894323314594
28.96579559862529
29.659798808390494
29.89765580166556
29.17314159381454
29.748549947266394
28.00039865241713
28.993834479400533
29.41238519060818
29.29438807636621
28.953271716832187
30.195298372757577
29.493052670921163
29.884781870098394
29.36576700145712
29.329250486042305
29.95456253588129
29.480600233888612
28.890574867363632
29.556622930909352
29.254216660846573
29.45991094414888
29.771809403864918
29.8951169393249
29.375455821051876
29.18391046648222
29.216121663829718
29.15136159315374
29.55151622355966
29.179931817227583
29.371707281108673
29.347887663491658
29.32824819594353
29.143470107875206
29.319302842474418
29.69414261970255
29.36677159849721
29.18069896139424
29.134545831205497
29.00922569480848
