76.62738813688483
96.25983451552024
96.8021968929256
87.65006509884671
89.96586628523569
89.9141753523484
90.43650260896354
90.06287193903216
91.8682375994031
91.78571975888988
91.19361101636466
90.77834498144017
83.91987295048298
84.58071397030646
83.11852024909557
83.98822826709389
84.53356303858621
87.24767288607826
88.03792111423992
86.09642109583432
86.05418482507694
86.06210656307505
89.11079432012818
89.4216594147886
91.65729744575692
89.94316438065363
92.4078366654697
92.57016272847045
90.46552172312585
94.36489414583014
92.92501946445776
93.99145901684105
93.51083487150252
96.20996775933976
95.38821589229654
95.18856555426838
97.06412596970353
98.79797763555706
99.334862111638
96.72341965151006
97.34552823170424
95.21574938043736
98.4335594687474
96.79776159263457
95.3782230772827
96.83336978688547
98.06812909986371
96.61069559045967
93.42155473439912
94.8261423936482
97.34449638105562
96.61982362924523
98.0247341638332
96.17603373892834
96.4452654171273
96.75086326543764
96.79937769366335
97.08357398533285
96.53050796104802
96.42838095676083
98.82850513014355
96.4897338418065
97.44502820667634
95.80777127291769
91.41721291665736
91.73709831727729
92.87131017065308
95.39661048177157
95.06478604041949
92.51966209325607
95.51976042902518
92.5400393214084
95.38908384892261
94.13444731513
96.28904503264178
94.83280189655183
98.29098551107933
98.62391015728419
96.57071385674013
97.10531972554176
95.80984347699342
94.16723363264495
92.93883755989418
96.87151980128363
97.63730328988579
95.60225604613804
96.81570464580142
95.41952403826609
94.66602242375366
95.23831761489923
96.39326690390001
95.86199020561186
93.86960680728973
94.94564309893575
93.6134244300732
95.23808375538485
95.29692381433695
92.11360015616201
94.13331194827187
94.5741495605425
92.69019230339659
92.21080783959476
94.04008438867068
91.02743456016886
88.2341091083839
91.80897072524671
92.99004648581831
96.34913309902664
95.07230428111467
95.3794337691056
