506.1453075035863
555.974270445312
560.341357053541
537.2527640543206
534.7778659531718
528.6278104695845
556.0298212556095
538.0464749436504
537.9652260348234
556.3400765001392
554.2162346988557
525.5340419597646
544.4899361589288
560.5416745747003
560.4362344489184
560.2705236511431
559.027233318852
560.5416745747003
560.5416745747003
555.5586375832951
560.5416745747003
559.9100165565792
560.5416745747003
560.5416745747003
559.5237243632859
560.2845455170898
560.2559804429077
560.5416745747003
556.0573411781027
560.192219982036
560.5416745747003
559.4477507871807
554.5778106806599
559.689203736286
559.7555330394416
559.6897537695535
559.9479422657315
560.2080377948771
560.0875562554772
560.2653028336797
559.7622016917278
559.5429314698349
559.7892592565781
559.7537366645468
560.0095021504912
559.6617193552989
560.5416745747003
560.5416745747003
560.5033711748533
560.3685406454656
560.5416745747003
560.5416745747003
560.2664639501099
560.2604201475667
560.5416745747003
560.32384032362
560.5077065679737
560.4589792109537
560.5416745747003
560.5416745747003
560.5416745747003
559.921637167792
560.5416745747003
560.5416745747003
560.5416745747003
559.3758949687616
560.1400076612024
560.5416745747003
560.5416745747003
560.5416745747003
560.5416745747003
560.5416745747003
560.5416745747003
560.1797665110689
560.5416745747003
560.5416745747003
560.5416745747003
560.5416745747003
560.5416745747003
560.4230892613755
559.7974097794367
558.9115019988085
559.4813998328959
560.0946622752126
560.2974225795908
560.5416745747003
560.3499052705083
560.5416745747003
560.179252617703
560.5416745747003
560.4963678996324
560.5416745747003
559.9520739066736
558.8849209435381
560.5416745747003
560.5416745747003
560.5416745747003
560.5416745747003
560.5416745747003
559.9987111147313
559.5837635998178
560.5416745747003
560.5416745747003
560.5416745747003
560.5416745747003
560.5416745747003
560.5416745747003
560.5416745747003
560.5416745747003
560.2927894871423
