1591.3650417846927
2013.2921271658502
2024.878374129587
1798.6512669528481
1897.1021684647562
1901.6133809026353
2016.843537001391
1851.2757617513414
1858.0659232208097
2002.8856347629
1889.6526773233063
2030.722062531874
2008.353665773626
2013.3090119099152
2038.3652599979935
2047.5693023702966
2026.7902986793158
2038.3387365705846
2029.462095265861
2010.0368919566288
2043.1758327073426
2050.2651867162967
2014.5351807006052
2025.7077198791856
2016.2395927513267
2041.4685834287873
2047.0871580741668
2033.5855464956237
2047.0051170891213
2047.9618213585804
2057.96659267922
2065.2750103680005
2047.2793987271864
2051.5593555734135
2048.0738554707186
2042.559791930653
2061.074773932841
2046.6139314591262
2092.9535549231696
2103.097824097679
2088.5956842211444
2113.2790754670314
2090.9403602740167
2109.6335651213394
2114.075663137396
2110.113615301774
2110.6797291242738
2108.5359150841373
2118.3054411792305
2116.600968089301
2112.900500616806
2120.218774558755
2117.819720816648
2121.8205248968225
2120.973318670004
2120.378481696567
2122.8659208351582
2123.6284806731537
2123.6517635584187
2124.9143505585944
2122.003381428797
2124.720948927583
2125.240060516529
2124.2409996297024
2124.0145738340307
2121.511711572429
2124.020640265846
2124.091711065044
2123.818117327644
2124.9046257448576
2123.3857054057416
2124.5716396905727
2123.8575706194215
2124.027880996921
2121.716066497274
2122.4932372545695
2120.813344373988
2123.3462309029696
2123.7131814996833
2123.089417556226
2122.390022489894
2123.3144043247453
2123.423972279159
2123.3593382180343
2121.4938279010003
2123.4266840641967
2119.0973059538105
2119.3214049645885
2118.457038276412
2111.7935683450823
2116.3345127467815
2116.9073278416627
2112.8459137558093
2116.0121015391
2114.84792640595
2110.172645804136
2114.654512368508
2114.8748123384307
2115.054844647134
2115.351521717316
2116.781244103671
2116.5668141672872
2116.6001390086326
2113.3696842148743
2114.4946460313677
2114.6443742206793
2115.5569354360855
2114.991566209098
2114.801604277541
2116.8074781431847
