39.98554139641061
52.214062732406155
52.56825888696778
45.41185327003644
47.476859639075386
49.23645848060258
47.64705849718807
47.59721426489575
48.56330971266706
48.226586428362836
47.91556899753159
37.148203675131754
33.69451575544357
38.54666523077493
37.52952549927628
41.951146874262434
46.05615392108561
45.910433849604615
42.98733832140233
45.597310768261195
45.55067938362276
41.38819918662966
45.5193422803085
45.183057477813435
44.577167029760304
45.77020621114562
46.05473586750997
45.06251721386062
43.904458517829326
47.208885812337364
46.373229373106476
44.94743471227484
46.1712840377015
46.28136688611447
46.39239021246039
46.86585494947274
46.42375730737731
48.48624233445631
48.376436805341555
47.82831548572682
48.18680312340676
49.34980483580962
49.102241799011075
50.162546579971014
49.397868381670456
50.27360663244978
50.70548674899629
48.16164075953679
48.02721596647835
47.77904306526925
50.37913398440915
49.126865491409326
50.15096175935514
49.140257209160595
50.88442279541249
50.02543978835823
50.39486771795636
49.85215468162096
50.009983271508226
49.99375172234872
50.19685955207223
49.43528741872417
48.18930319806838
50.16522088843763
47.28145593338419
49.42130733895247
48.13455252918692
49.28578831554202
49.99395874672534
49.27399011547512
50.14477547665553
49.29979188882775
48.645241843883724
49.00808001279338
48.40285070095765
51.47005022233865
51.40616617784495
51.73253219343032
51.358006963156754
51.26801027522812
51.121029444293406
50.881014721563375
51.46037147449854
51.004930763570506
51.62661626616821
50.85892253081564
51.380668440968996
51.43108832721343
50.96871497003565
51.57420765421249
51.79407841399988
51.116327250604606
51.63126260326532
51.547667656879106
51.603065964602465
52.046245888672864
51.3420754225638
50.97772138432549
51.719049797443205
50.234353035765714
51.850075696411004
51.78703821630363
51.349766115497374
51.92642625444013
52.14970177628869
51.67292932308437
51.53132714334502
51.80725942635787
51.73936058774649
52.083867727030736
