871.5426275859706
1098.6654605352771
1087.7409079942681
1007.3159543403217
996.3034730771496
1054.9251573022684
1047.559002069738
1045.5064853058313
1036.5550750193836
1038.824243491242
1031.2224802813353
1040.9378758517223
1067.0585437578582
1060.2042348367966
1039.2463538532515
1063.0603987962204
1062.685418276795
1097.264070406858
1090.7941226742394
1097.1605421483264
1102.8014440111758
1098.0630798904945
1115.0502443635812
1121.8372414342823
1123.544813531573
1120.0551803226017
1129.1356670762748
1131.763207358221
1135.3756143398045
1138.495899883197
1138.9051520308208
1141.2884422148995
1147.7858055522397
1149.2873179861633
1149.368906837617
1150.5230547843773
1153.3968368082913
1152.7067735293474
1154.2520100431316
1155.7348178376114
1155.6308323957373
1156.161295081771
1155.9604927778319
1155.210088974038
1157.4402841749775
1155.272141629398
1154.8123026591961
1158.8903166892826
1159.9179783729758
1159.5453866236267
1159.9123744188798
1159.782771124898
1159.980829119492
1160.2353120197279
1159.5747692133082
1159.5422456614676
1158.2788817542873
1157.9037465302079
1157.2679256436854
1157.5361918277354
1156.697040793461
1158.4881203993646
1158.4944427381877
1158.997817209328
1158.760775955757
1159.0840502894769
1159.0230296419331
1158.5761128050174
1157.2908401831999
1155.4835565017593
1158.3572394194675
1157.5666465341553
1156.965389655835
1158.244350668352
1160.0536385817493
1158.9564525822354
1159.083436569722
1159.9994818706057
1160.3105452170807
1160.1888473567467
1160.0075410584902
1159.9459373338884
1160.8198434438607
1159.7270544638998
1159.4453789724614
1156.74511362941
1155.556037361691
1152.6309190225686
1151.3120490677134
1152.717731454791
1156.0661937739521
1156.7844086659863
1154.5586513417618
1155.6710674828944
1152.2304952531738
1155.9782047040185
1158.377712952524
1154.9779017695612
1155.0792043740284
1156.6399209602807
1151.8559110378676
1156.0329772680157
1156.4439833837303
1154.7273156676565
1154.390026079557
1155.4607354305476
1155.9764547554778
1155.7906536667967
1152.1527170174832
1155.7454668630442
