-39.21382843810884
-36.02249905700513
-35.494268694550456
-38.00836455529131
-38.06058270416719
-38.729560788220965
-38.069694855656394
-37.425606192231164
-37.53671882918259
-37.63166085691397
-37.11056419237789
-48.46395596161624
-48.02131828360644
-46.98359017736089
-50.747597243554644
-49.088188593940195
-48.73495699107498
-50.49073859680635
-48.22577128616582
-48.319117932827616
-48.40724681476426
-45.56152274529508
-45.49796267342443
-46.512428333661674
-49.915342361962786
-46.232502575372514
-49.61312761257499
-46.895486777415854
-50.447518083335495
-49.39024287810663
-45.23018172400237
-46.11866516576448
-46.479819172478145
-43.967961810782874
-42.87649292334737
-45.23392114973878
-46.10743068910054
-45.03402285317775
-47.44263043125327
-47.461318916523034
-43.614681922860264
-44.90146351995674
-45.11703343397237
-43.63442506972019
-47.31922651924176
-43.651772819292496
-46.4087813420518
-44.64877993557581
-45.83799743439078
-40.85143594389251
-45.0297553017635
-45.96528163843244
-42.36138174618901
-51.135413645236184
-47.549123125560854
-44.24463422852403
-46.820756001469846
-40.62118392820666
-44.606922996508054
-47.053899839149594
-44.01834687897581
-44.69996251186866
-49.19304464370186
-48.35289088074841
-44.73677119582835
-44.808171403876806
-44.58035149507862
-41.9454715602362
-44.939165246280545
-43.890158967550256
-46.90690843056393
-49.308031946424116
-42.408940910408916
-45.937650311032634
-49.155351767509764
-49.521569556228975
-48.66214873695613
-46.47785829873408
-42.38603878711921
-46.55570274927964
-50.46584828366982
-45.41656388554226
-45.15150034208392
-46.428401878154354
-47.90913054529163
-48.90104758831412
-44.53553452731363
-37.637306548477014
-46.69430487641434
-37.8753665341443
-46.23871401384923
-38.47839333500935
-38.932413829213594
-42.77310002511416
-37.6380001896945
-48.04067921652693
-49.33077015072314
-48.93875264135506
-45.12380582184436
-37.90704800986983
-46.149252815035986
-40.12115567874826
-39.47241630032746
-38.85705382660503
-38.57118007951663
-46.85886622133469
-47.29248190075546
-43.78578256973543
-46.545157279336465
-43.81562373499222
