26.474691855292217
28.48794019871894
28.676713911351477
27.915963438187568
27.501027476422077
27.812317660638403
27.92950220442149
27.779779316085346
27.91820894454881
27.10159232653274
27.840159860341956
29.179652855521294
27.783755325458316
28.11269947749688
28.242100631996664
28.28729714390387
28.09486719060104
28.13655957971276
27.97381723312122
28.291925167507344
28.702483128211995
28.572879091604538
28.494288855806317
28.804138068656357
28.77150991786086
28.664895939040466
28.636635241938656
28.74477766413676
28.166673714426608
28.480254381014
28.472302934489026
28.334307788944628
28.486188776880518
28.20254502366963
28.418486034852485
28.11468946968074
28.657706570362063
28.639869471724587
28.540738246568637
28.344547067627396
28.29000397584417
28.474823099982768
28.3665512684981
28.185414762082672
28.055728418641444
28.405918345064478
28.52519083692548
28.163033865155665
28.47123113286352
28.159401477909448
28.030894146071294
28.246732751006427
28.139345572697533
28.355539916457207
28.315225070212286
28.113706098033994
28.128718188062773
27.9405040099924
28.203799436509406
28.199001476178907
28.088108957779454
28.018692582944173
27.944189925696165
27.965647786603196
27.887447988691132
27.774997209523814
27.865068878891975
28.3056866993759
28.200049623179286
28.27203868366718
27.871472771455515
27.94571076935815
27.998922118089396
27.893054623419165
27.562042067720004
28.041212141637118
28.16122198842069
28.2213599916196
27.896062363523672
27.718656785803145
27.80792498047873
27.669858661915928
27.28822440365183
27.702941450625946
27.246945998595077
27.553427327132923
27.497676396599495
27.807224102828588
27.53437388482719
27.51743714014627
27.55046102166699
27.45529027249748
27.403004239454948
27.584747235321817
26.63917277056838
27.452589122370465
27.4191370417033
27.276607969262404
27.809391486554006
27.78797257846672
27.647976958613057
27.983623644238325
27.612786302042053
27.8191961228135
27.802477017520612
27.849731023265083
27.767508245105695
28.11811062409762
27.567746566131678
27.811685751192464
