26.21575757169342
31.666576491846207
31.64218788891961
28.618733783591104
29.065184389756492
29.013899313381962
29.97702681735805
30.167254077929464
28.740141117927504
29.601969484057417
29.72597575880619
29.36360602167595
27.263652140770294
26.904957488298283
27.951525231717227
28.314326753422126
27.888207415649823
27.846947625455908
28.14985049790432
27.688731509821327
28.12171875147775
28.219501326440554
28.076762155486975
28.79658503632008
29.013444556620286
29.405323109333604
29.864934067234632
29.647065032987513
29.745135174220792
30.101525103663704
29.902653305780813
30.73730574236009
30.12337166838035
29.90283750644602
30.27845783002304
31.15188162516014
30.006779986618785
30.236961506440608
31.02660114307884
31.006701479745402
30.387640171418674
30.624896643386627
30.240975082303436
30.871647092937376
30.571193473572833
29.852467844285115
31.000457963970792
30.465363179245216
29.902774347609906
30.796250725871648
30.44114556152637
29.96355405285837
30.800205370293284
30.673213478874846
31.430205097863293
31.47387716869914
31.44118907966133
31.50986270753874
31.79519408462524
31.83530887736489
31.52061949398789
31.87304042635261
31.325845243181877
31.86011453438931
31.970598567071857
31.958047102789887
31.62940732576563
31.636282203594494
31.989988944623313
31.498462060357564
31.27202342693211
31.29134964322387
31.5048255967475
30.95731797983086
30.667928186754143
30.774625957184412
31.76541849359674
31.074989688677608
30.852646796036865
31.59331020343685
31.148177403661784
31.33122546278852
31.46506658361854
31.206114699852254
31.499889360875496
31.47905969012814
31.494105047762435
31.015423397588737
31.87431470650219
31.318253492668127
31.581917395259634
31.375873401967933
31.389009521821876
31.452002372190723
31.36827996545019
31.758260527200036
31.510399808704857
31.999692075998286
31.722292450048794
31.41879079535247
31.209467939639886
31.615725664448377
31.584491790499477
31.69228755515364
31.14462190043946
31.399451387301127
30.432432011867522
31.391786555938566
31.64491730991376
31.499973057297854
