-0.728528876189699
-0.23177105117325478
-0.2395939926817143
-0.39525201671002913
-0.37611545483722064
-0.29233174252450744
-0.4230407677956724
-0.38017881515450147
-0.3197165228312555
-0.2969871143481619
-0.371193622160947
-0.680629803482112
-0.6934127764468886
-0.7729162912446265
-0.6441256529248213
-0.7118783885508931
-0.6012518243735933
-0.5491607137827484
-0.5821322405194083
-0.6907976889055379
-0.6725333301672658
-0.6212745343959871
-0.4156895361648166
-0.5660588975321167
-0.7160265751401091
-0.5461051400167766
-0.5185147951617598
-0.5184940853962717
-0.3506994531869764
-0.3835004638917593
-0.44022058573512524
-0.43610876844504304
-0.4784448748871151
-0.36763384268219634
-0.3728118918532287
-0.5090076239903931
-0.5597375190302382
-0.5263513511852116
-0.4868781699865487
-0.4509869312928305
-0.45693214672610344
-0.45750440127083314
-0.4625075486973738
-0.5366459560161367
-0.6396866058102014
-0.4692886639305819
-0.4208899292785891
-0.5304899477937614
-0.4189185070942856
-0.41394217711325404
-0.4260157412341886
-0.37517939043809395
-0.5205663050009965
-0.45125496952639327
-0.596147760860806
-0.4497737447676425
-0.6327912541333023
-0.45629323579567443
-0.4776964055627664
-0.4939541226759699
-0.44296074226093385
-0.44573423895901054
-0.6162589181654611
-0.5168667010228772
-0.45687537973346587
-0.5267328539779624
-0.5021047771973672
-0.6218661558291992
-0.667029083497687
-0.47649681195934546
-1.017063737159174
-1.0189910441106147
-1.0562771865598823
-1.796341880211963
-0.6573836230277524
-0.9680550285560101
-0.8040289297786241
-0.713788292577798
-0.7095949770921485
-0.7415693104435233
-0.6540683212721747
-0.4857702678342556
-0.5314870412094561
-0.694458292148353
-0.8774397552134204
-0.6000436616308201
-0.6017790341526594
-0.9782503844806691
-0.554632124386196
-0.7419483359071527
-0.8198646256926522
-0.6453159252678901
-0.6803142875579083
-0.5194497962535732
-1.0265149876012034
-0.905382950675101
-0.9021067888493589
-0.6742449318669033
-0.835270743379078
-0.669977657117164
-0.7515928225624441
-0.5995527138694312
-0.9540170584817759
-0.7572308121900618
-0.7249059026992776
-0.6822702175152132
-0.47067339442815664
-0.5527803372925214
-0.7228950019460296
-0.8358646747818786
