-15.093092428717593
-10.429286476065224
-10.321496637051338
-11.696183919599317
-12.142095785562402
-12.077407349408839
-10.657368944650528
-12.245429751859536
-11.152471368024907
-12.405702303008564
-13.492176690990961
-18.54654408559727
-18.35172460954931
-20.8477969863081
-18.422925803046883
-17.787574262147853
-18.258229540560933
-17.19268580106863
-16.01879496025813
-17.62535928370771
-18.09389771252014
-21.114906348707315
-20.584492024997385
-20.846447017488263
-20.44189222175486
-18.260032471769016
-18.147904424116007
-17.009761823180327
-18.421303924463626
-18.228743214512367
-19.037207137634283
-19.80726483586257
-17.77988945549814
-18.819825070419707
-19.718133305195384
-20.64588757054013
-19.429657287789205
-20.805475386756864
-20.469355059823066
-20.693054106204055
-20.369125529689008
-20.190633282900404
-18.893560271491154
-20.086117344618266
-19.386951953627776
-20.442576119554985
-19.409382846515747
-18.93764601822738
-20.928716883486352
-20.04899766500488
-19.22046567239613
-20.88248908915313
-20.418938788690568
-19.23229677930024
-17.8388300750858
-19.272237902082676
-20.853383814270515
-17.2625631739158
-19.53052502447846
-19.603094369857786
-21.122396385490962
-20.713806635545907
-19.058095006377563
-19.780309559033764
-18.846161841225125
-20.93776729894138
-18.82777672651003
-21.21067109957753
-20.067563778047695
-20.036699994992993
-18.38047299994764
-21.059702923386336
-19.209718644351845
-19.882244247243626
-18.744155027204677
-20.63840132194756
-23.229967667246207
-22.290675466978435
-20.354186038664505
-20.866118674479992
-22.925923423730666
-23.29265978921564
-23.03779042697261
-21.421580982480283
-23.632944233451937
-23.037606925978952
-23.280588967574772
-27.069011963097502
-24.227555067296283
-22.61405800539177
-24.384730346185375
-23.938564397214293
-25.267313502088566
-23.837616001994586
-24.770308474880483
-22.52754188589312
-21.5952327036054
-19.890910849203067
-21.224748300063542
-13.35938598078504
-13.498828060880633
-12.682743513537702
-12.819390748759204
-13.860674315720217
-12.99235878607641
-13.48239402193759
-13.15650211723818
-13.506005118321532
-13.208560620731378
-13.841301946813505
