-12.114433272129128
-7.3611467569489815
-7.949247969694029
-11.327880120406236
-10.567370261196462
-10.331736299243097
-8.983148728992509
-11.530387253038562
-10.05665218461862
-8.422315664234741
-13.385932407287978
-22.250736100878097
-23.331708650028403
-24.333025132020534
-20.01020071505995
-28.003289704749513
-21.230823513057633
-32.51429836882339
-20.440760083868494
-24.065848636797863
-23.779966067083514
-18.225854845079162
-19.582506149746525
-24.73568968116413
-24.973945732670625
-18.643530042590744
-15.651625529532309
-22.9418009157749
-15.06296486184058
-19.948002291518684
-14.166267030886878
-21.181836824602488
-21.054277825002497
-22.47713011648759
-17.52894777041556
-23.905928895543603
-25.440825076409332
-16.38346616062106
-17.159207524451922
-22.703086607686952
-24.437272364606475
-26.555233735210518
-22.15278955015693
-16.17708349657003
-22.37366740220881
-36.60853954723992
-23.97124523947395
-37.33515653805706
-26.54127854405594
-26.00054069240905
-28.556817843750302
-19.70266114249855
-22.380541074786144
-24.86011507093442
-35.04764650812748
-31.375680728432737
-27.37471539669077
-31.92765223096793
-26.69395764243059
-26.762897812872545
-27.298130251141547
-26.596726215358277
-58.43322284290585
-19.055719186134933
-26.65098469239034
-22.674051021066383
-20.806260343000407
-17.445268115963533
-19.631859924400644
-24.202456677733434
-21.552228329058178
-78.4685053085795
-16.508013816905496
-24.837115482174333
-28.35522020824126
-39.021337009427405
-23.34491197331829
-24.26662307947688
-23.72171820356712
-20.443110524896298
-17.126587408322827
-23.133287548479345
-23.51826162831226
-20.558359205959864
-17.26767452941172
-15.749722028387096
-20.485118527182433
-43.02026638315714
-17.370586594411883
-17.790738734052432
-25.78600494881239
-35.214248809549936
-38.377441616634904
-45.99243171025902
-34.444738075963734
-22.140488227978558
-26.45331282098902
-22.374579639081414
-14.51481917770949
-16.55670815956287
-13.702186040762665
-14.82463926083155
-16.30647097458673
-14.600765029391031
-17.446285836291565
-14.497374713029725
-22.057782207774384
-74.29624907111744
-24.7435600041845
-20.790815803520616
