19.609508253281835
23.43608390575418
22.942211535696213
21.64663258390577
21.903274542139755
22.45272149493518
23.08463492878794
23.213074606007275
23.015734983177254
23.321575339586737
22.726388790211054
23.03145720834055
20.563062016013372
20.157039999256327
20.666345389024453
19.881276752130205
20.292573156582932
20.817267142893954
21.271934273324383
21.58941139947941
21.61162592356444
21.88170938519451
21.76504579761028
21.637697989225746
21.454055752682088
22.225687569813893
21.506726808227295
21.845669920583457
22.90498151142901
22.80580826370318
22.7387412123495
22.963333742358635
22.7810932455322
22.665237025846007
21.45499571507101
22.643334888525313
22.83217882098305
23.1721982753202
22.982825322725496
22.764775442672093
22.82164894088961
22.885116879107855
23.25072962051349
22.670384054236628
22.912937798924823
23.14485503510337
22.810472281052615
22.78759592953033
22.73946907405245
22.205309888803715
22.825422571306042
22.534553129495606
22.462383798382803
22.55463036382381
22.868885417054756
22.367367517563764
22.790931490162315
22.756095910219173
22.466917355314838
22.913652031990928
22.848671726096782
22.934878495381763
22.88517485449327
22.9731539283706
22.819923786483056
22.255305528527455
22.305325256915854
22.665007867370235
22.556702679737743
22.485987928185796
22.212358245173508
22.60933557632735
22.048412907852924
22.187929037398856
21.915324398922643
22.034949771782333
22.34782980955273
22.01643993424674
22.448055595869658
22.34584882823696
22.494408168416125
22.583671005085808
22.54703872749034
22.660375237290502
21.91610791413222
22.270178131558488
22.121937137699625
22.154112202398725
22.255201771550098
21.94314731535261
21.990475384045965
22.086504946452393
21.601996614697565
21.65584839080611
21.637202721983932
21.943653570734856
21.806326621880793
21.57686637735805
21.935239708055935
21.78787499596383
21.64747270141713
21.47663990602271
21.727923835032446
21.67349125816971
21.870171163276336
20.207026410222518
21.778550573238356
21.932797921068307
21.613903091301708
21.982611690246024
