27.23772393011753
31.330637760131722
31.376177403014793
29.19660008310773
29.67670810725645
29.687429120953635
30.497635259344484
29.838647814772337
29.8571432047829
30.265115181288486
30.36447191662632
29.592579698666952
30.232726316729213
29.495510410288926
29.60885102346689
29.66075702487979
29.649573985529383
29.658114145153814
29.958284505357803
29.74591433066496
30.32942107093961
30.604180943397825
30.635352343640005
30.28643844031521
30.320252932847016
30.326080723173643
30.494950979442457
30.801531435967405
30.691260189886975
30.75918383433234
30.82479961742279
30.451174386299044
30.462469943346516
30.950740310508046
30.65126039690725
30.267561515143445
30.267012531010003
30.22599979825273
30.914058606645106
30.704311939796703
30.15477570074343
30.953879029877534
30.951742586929864
30.62046315076131
30.40105884250957
31.09362949503074
30.716442167993243
30.97935552425071
30.80935725547744
31.028990976827693
30.86282563534424
30.945845277984525
30.866123004763153
30.75205076823689
30.98681527252118
30.64492193749016
30.49763319695798
30.67113331079248
30.867030085302073
30.985944123888018
31.060839458819583
31.234946015120123
30.7726833659545
30.889615911577593
30.958676987079446
30.537347565035102
30.850119697043592
30.708360747306248
31.104687335205316
31.004573759004597
30.88018271703714
30.484753998840596
30.979495423369183
30.959356521741405
31.28844116788892
31.005039334228986
31.477110089035968
31.46706872329052
31.105791359033265
31.283320804374902
31.537561801641914
31.228074695269527
30.957321688000043
31.47425616026189
31.429285168587274
31.437384802681898
31.33770054205267
31.454717664437524
31.25963255426193
31.212342783721994
31.04011778413365
31.431120001543956
31.325151839127994
30.6500717209787
31.303347153191186
30.60062201381529
30.61076175565593
30.745262820591563
30.706879087025712
30.847585891189723
30.89130435222602
30.396724387246902
30.57666195735589
30.61302343849353
30.35212644889209
30.918999071519302
30.73644885754854
30.634503556426985
30.73544649763987
30.90051661700212
