19.6474905098784
23.159123626468766
23.01692372093961
20.945155754824633
22.032222788600468
21.700869862765888
22.012660162145732
21.934218382243387
21.951961778539832
22.234671433690213
21.542933625276707
22.970633489498535
20.83024501655536
20.88697656221618
21.772631967446152
21.0041454895616
21.040114533842996
21.404322306277024
22.198883446427253
21.52540981517062
21.51119600967187
22.767489477506498
22.22515239012321
22.73865460407842
22.656776745814366
22.39498153814771
22.533808001984266
22.37721840176559
22.702948192437677
22.68038596083476
22.322638186969698
22.404119154529425
22.670150699662052
22.268090331793886
22.479994014579283
22.72544798934845
22.21118744212661
22.746243825872913
21.83144945964517
22.500980316760522
22.750345767721036
22.666273181005092
22.31837924707241
22.463702470532656
22.437850012904594
22.253679021007894
22.602771845354773
22.69116906353451
22.3776914879017
22.538325149547163
22.435312438474035
21.81480837378132
22.021084592966467
22.09843786843236
22.100316592074382
22.080933833346776
22.009977817047222
22.483303655072266
21.896408486724834
21.644869457186434
22.23298380489622
21.79190472235038
22.041401314441696
21.92038143670073
22.190416910167276
22.167532003296525
21.84981114083067
21.732853524353718
21.819476911210202
21.60870732239789
21.768399006435168
21.62072147584953
21.49288814187947
21.510855461325068
21.417167894028996
21.232903122312816
21.469181292932223
21.540584478590127
21.722855380365264
20.976909402100834
21.2616950495254
21.3319681837859
21.582540455278828
21.43656206642113
21.30016591085824
21.382173531704748
21.32576661280316
21.807696429322764
22.154230420336923
21.691514683309645
21.608276556930708
22.055819543920233
21.647834604381917
21.501510259131717
21.395403134641224
21.260909224998795
21.65233190964486
21.51283615056363
21.55187420621835
20.95778110234801
21.70099489775258
20.8179030579604
20.7967132810568
21.463149693255353
21.619786536746577
21.722794847226428
21.248113568754043
21.38337572128768
21.497739047729965
21.527442512321393
