22.494203329136525
27.598728755861018
27.751026568929362
25.57897269303978
26.824310704133534
26.854936684254856
26.711778632522027
26.50491218603572
26.272343180216662
26.461567612521364
26.58129816650159
19.714526182407507
17.77197148284231
18.630462944903904
20.181361519686345
21.74791394906876
23.356285711837934
22.985328755292507
22.664934072028764
24.092607331561645
24.092416087642324
24.614739045326548
24.33968307927308
25.502523456171936
26.016504256328002
24.992032069636917
25.22970508526943
25.933034537177573
25.91618441787869
26.236810492773444
26.265828322580653
27.532278359027806
27.768209320207422
25.82717345794083
24.99116188593164
25.911266808708348
27.34783398787241
27.21990169344887
27.320018336544933
24.60367736844974
27.490302976170796
27.518507166464286
27.35078057244862
27.54298457577525
27.61973422827344
27.700265502648996
27.404763497759937
24.34145449858042
27.608943846133965
27.55511033891881
27.74688995435473
27.540550617014016
27.46610091396628
27.727657120056573
27.6154759716811
27.529437983325757
27.495275857826094
22.677279847984863
27.555240580880962
27.60420141920316
27.569491423521615
27.56162804881863
27.506429021410185
27.61591093852153
27.38030849769761
27.59172459131483
27.426482237574305
27.391753484635668
27.466801864393464
27.51455520438639
27.478955052334687
27.556748836576258
27.58461933655735
27.57173573408053
27.639880002947695
27.565931366838655
27.506196133901145
27.470908649129296
27.361638257424218
27.53614207647901
27.411529949186313
27.47585305731425
27.043216853958146
27.461969774774456
27.28823279038169
27.33633852417866
27.368133519168765
27.328276057492765
27.474315871525747
27.508692742261008
27.653920141267967
27.660612903299086
27.41798314804407
27.5701882155724
27.607659154630017
27.61768611509808
27.60541034844127
27.47396373216302
27.45139149193557
27.616567426462478
27.48778663586038
27.530544761688624
27.697725282045997
27.75957993596812
27.721277425692456
27.714897412561008
27.457461756328442
27.757026612299775
27.275640327916662
27.460084508258518
