23.906010629731572
26.5721848886596
26.849398126764388
25.374622899384434
25.795976417839125
25.79264788186346
26.381040903986886
25.762589100207475
26.801020623832876
26.822593200006988
26.187461668594025
27.164009041386237
26.362329084354286
26.203581813532207
25.83326533852136
26.095833271088416
26.668079488912362
26.499727247314237
26.15589875109627
26.245458323786973
26.135370111958828
26.128295312112524
26.418648223679938
26.10350553712135
26.33648327736242
26.393874801998667
26.334969139624924
26.418426711053296
26.507922187022196
26.495252494856413
26.80913296256101
26.782924314957015
26.78312761405927
26.8333652495043
26.631680629798517
26.908885438138146
26.712707601096938
26.56560041288515
26.913755179178047
26.798907926661887
26.71650586828839
26.844636367071793
26.85557602065306
26.427697027883283
26.45652929338422
26.596898263183203
26.37319315575489
26.526573111931125
26.39380649274863
26.669965673359826
26.384163153162806
26.488615278910874
26.375160965135578
26.422313079047747
26.480369675879675
26.39448635592268
26.058364461134108
26.427166017579108
26.639881605145217
26.088111925762032
26.241823427422737
26.41242813774031
26.143399738928274
26.44607359376368
26.39639054287489
26.387468708121776
26.353284190169397
26.531138866591476
26.63340651936817
26.650261964081064
26.536187501967557
26.41111666663873
26.244255534790287
26.561748957576967
26.56789274244801
26.64640931461363
26.584066839115433
26.415892416809484
26.585280118174243
26.371452818768663
26.46711579335036
26.68007828414401
26.7468981009204
26.58585914935687
26.222585764231944
26.43490337426534
26.25521445822149
26.47009199582414
26.52410529013108
26.408905179084602
25.822414277258588
26.327698085149198
26.18607340862571
26.74611742905226
26.274487745292948
26.452547180704734
26.45456277877177
25.892187830783268
26.162182480942974
26.43042768275028
26.693389930706445
26.60845375254655
26.450241623296854
26.302306111443194
26.178572805132475
26.44793398885431
26.67683323635871
26.20417737207243
26.152996188786744
26.491952677156437
