135.20756530178994
150.92934777375473
150.44509936448387
143.14535374743565
141.88762790587347
147.14279767322316
140.61580945788089
141.69236868251795
152.1333032169784
145.75561136530118
152.13411764920497
149.1143821698103
140.54419634482574
146.08152062137185
142.58731059963577
144.18468624257343
147.50652174007325
144.42462207012684
145.17646238750004
143.4911076848882
153.38835233588821
144.01852952449718
151.71366252153658
152.80699649763415
153.06168365233643
152.30851029877576
152.83969065319678
152.43247151592968
153.4371116670396
152.74697519442782
151.89723674310468
148.71742653314064
152.3786418120062
151.53883308175025
149.26681358141315
153.7197040374941
153.7863988904532
155.08306371048468
154.50245924432127
153.41260001922024
151.82665936079664
152.67007476486276
153.37717185154798
152.54504669624816
152.63247494047488
153.77550574757745
152.64389108575352
152.8422861705724
151.72081152157068
151.80814148157617
150.8139270752918
152.76314367037415
152.0770841656283
152.29619618822244
150.76001966215242
153.00815436204516
153.23977497968644
154.8006904764689
152.05677551765646
152.0064121219627
153.44752984597216
152.12128279838439
145.48459904901313
151.9781054359367
150.30646001260217
151.74809587603494
147.5360087914483
149.9224378815443
149.04181586859485
152.81732548155708
150.9447795287729
150.93400442971634
152.25699684428076
149.04298618260697
149.70727900798985
149.76749677147956
149.8395412169043
152.99339760280063
150.20235816676754
151.56259046617777
151.49065038880713
151.84997909872632
149.78971076816177
153.16978111173938
150.45029250727814
151.98268210014433
151.83602988327152
151.72189474405968
152.10874285673108
150.4907953433289
152.14016512854388
150.6954465935426
151.68180288234964
153.01380527000705
151.25907291275226
151.54537342932585
151.86456244619842
151.33248458691543
150.3140502232324
152.17572605478347
151.30712189598435
149.52224678481062
149.81071267780055
150.28309063146807
150.27516163852937
149.2136180698966
149.8914797811464
148.45837027022208
149.56724038637321
149.64365680478255
