-0.41035418644112487
-0.2611643771406444
-0.24790531582593128
-0.326618516797195
-0.31231820458866766
-0.29508010296909176
-0.29125449186972685
-0.29369593169754693
-0.2997990301833931
-0.3062483454267795
-0.304476609849779
-0.8016871724308733
-0.6258565281492446
-0.6292919425441683
-0.5354091023893921
-0.6760678369738616
-0.9043624805749446
-0.8832347967220242
-0.5080723826293911
-0.5606941970591308
-0.5443574843898582
-0.7224622419936068
-0.7407291203866592
-0.491206566524341
-0.4569553792610659
-0.6534711169927359
-0.4456923650100869
-0.4870154841361961
-0.5593684206867047
-0.49707061716267587
-0.5240296733729632
-0.384998056627984
-0.4337938364611799
-0.6370775831325439
-0.4980371827118757
-0.6503490002876245
-0.7911491565651223
-0.810996161415747
-0.4142822815649281
-0.6189026405560911
-0.5048002976933581
-0.784205615209773
-0.768380666808348
-0.4248517616379854
-0.6215460923032389
-0.635366026726962
-0.5080077215882651
-0.479666749403694
-0.6987092111969747
-0.5504699752451556
-0.539682261647234
-0.6053128767342001
-0.5965620109314038
-0.501559227748195
-0.5236075931281435
-0.629541402432846
-0.6525071214822843
-0.9666312575951665
-0.4834892040439057
-0.5190649308582265
-0.47488431524533914
-0.7420170569317242
-0.7051458339196187
-0.7910581057239354
-0.7886133017157024
-0.7675278594042501
-0.6279146951486352
-0.6410105415667608
-0.6659782598219985
-0.9133989773889408
-0.6437552845233928
-0.9183736038358685
-0.8017161772479463
-0.9992992080890336
-1.122183302863083
-0.41411124922400944
-0.8417727618312508
-0.5722833552169355
-0.7584247723948685
-1.073843951663237
-0.5983493712957687
-0.6157454650344215
-0.7866464778264145
-0.5794515643392623
-0.6445253324528406
-0.6243321911321078
-0.6819050733052623
-0.7078088774741831
-0.5390447166767757
-1.078663596192637
-0.440755104930428
-0.42998163267113687
-0.5421474507307976
-0.5373337968262928
-0.45807007056271154
-0.538155069589339
-0.5634431398462707
-0.5470661370977123
-1.145326409862397
-0.47013609435451664
-0.7374080829651309
-0.8485148660331051
-0.9352116290281407
-0.5496100711242387
-0.5499764872385312
-0.5770765286732769
-0.5564990820961816
-0.6721994370416232
-0.8227645631900746
-0.9404062931037592
