-0.6991528449717862
-0.43474049625623323
-0.4414096908552115
-0.7351043988309671
-0.555964004714746
-0.5456744897150919
-0.49523146184163364
-0.5630923544746663
-0.5437023098195584
-0.5288375687789348
-0.4863915199670699
-0.9394810312268452
-0.8698061895376342
-0.9253399374415198
-0.8357363153661218
-0.8316059995986564
-0.955974503736874
-0.7380087834088458
-0.958482724246036
-0.8785748933370835
-0.5127178888525791
-0.577621184821951
-0.49194691956088393
-1.409931820206704
-0.5486008876610865
-0.6118513938403674
-0.5015054025156778
-0.5005309824348917
-0.548453368749348
-0.5791749235260413
-0.5679902580872902
-0.5768858439389387
-0.5360578379629541
-0.6185251902395151
-0.5565316425348665
-0.5328560566138906
-0.554156770537521
-0.591355855335527
-0.5721500407924187
-0.5612417592367218
-0.5577628316175371
-0.5406990500960648
-0.5738606980665365
-0.5783961803752661
-0.5251997973567505
-0.5525824648254823
-0.4903005911123361
-0.4722075914798198
-0.5404914179434681
-0.5583082166638935
-0.4609514181552565
-0.5187528072473786
-0.5294700915933007
-0.5090437048933931
-0.5766803372999012
-0.606614620588112
-0.6047572346071309
-0.5112136901306846
-0.5439238318389041
-0.4860132887781642
-0.7228990053697243
-0.5022776034984334
-0.5146898139983993
-0.5215752250912878
-0.5293903301288447
-0.5304402573691103
-0.5090769243802713
-0.5662990832541078
-0.46494419462770226
-0.5353487995683675
-0.48540375440784317
-0.529599523142261
-0.5419666079218773
-0.5381639655025412
-0.5175244537602097
-0.5075436055716459
-0.48715722836331465
-0.4879990771834758
-0.538909979082263
-0.5317774850852799
-0.5366516696386023
-0.4901272392447051
-0.5043173319211297
-0.4697295786313897
-0.4922058843169528
-0.48821438390632405
-0.514121232837693
-0.5075406688274157
-0.5716801435320978
-0.49507955894908084
-0.5737058079117568
-0.521341650151349
-0.5047256676650713
-0.5259542712955169
-0.49107233190551747
-0.5574122541059097
-0.5409432643162411
-0.49156459722751883
-0.5070780957373247
-0.49460883125947713
-0.5231822297374699
-1.1427830066256264
-0.5517471627104132
-0.938037827256157
-0.5540914933118489
-0.8107204635395114
-1.3397520737784836
-0.5804597016882415
-1.0036920915636725
-0.5874195738715525
