-10.877646887096406
-8.53597181700234
-7.7783025481477965
-11.090265489895636
-8.616035151734573
-10.973467906284219
-8.63136469842213
-8.783037940774177
-10.010013644035796
-8.96377570129085
-7.426511026704411
-17.500840457962866
-12.81232585029817
-24.85290265775092
-13.55617968622057
-10.711147848535791
-15.645329469000236
-8.91501916866135
-10.313833545918907
-10.20392432296982
-10.8193037638009
-8.521470512031064
-9.989173394660323
-10.203347101783859
-9.42190733418558
-34.02765196259819
-22.054182535347927
-25.090029180461897
-23.53904231618882
-19.003723485993923
-11.725581658476
-10.028021716992773
-10.340051546143862
-9.19446791487926
-10.17722094878749
-10.084496655519779
-9.087848123290257
-9.874964425066588
-9.539012439889264
-12.027018612822651
-12.72532052431027
-11.173269760382318
-9.92167091923782
-11.103178578570768
-11.621163608144709
-10.78605872370956
-10.14520910886185
-10.039721890530211
-11.168869044005776
-9.790019598880754
-10.054621983717217
-10.656358469180361
-12.110311952797183
-10.933980907142434
-12.419614578240258
-9.655128412965652
-9.5758646632576
-25.12925718520927
-13.18352640717783
-13.573415703852467
-11.52073341101483
-11.230313201614583
-10.876967667819729
-14.300983691636674
-16.18190504157254
-11.420270471994353
-13.30957448887989
-10.23153684780291
-10.061347897573047
-10.437308636085989
-15.600903172217409
-11.723792238608427
-11.154370377388547
-11.061013147447229
-11.108288877960847
-9.80345722547645
-9.35518772855823
-9.21840187071666
-10.238060256264577
-9.888184813331618
-9.149802746344333
-9.750692501923517
-9.041443493156066
-9.32913132600089
-8.798691921515324
-9.284911841215072
-10.181201262128408
-11.69509222063111
-10.004404070704089
-11.461311638640911
-10.668131052855927
-10.24776944928957
-10.621817475058617
-9.775779387925047
-9.34661210110389
-10.226565554649296
-9.194252844698545
-9.417687312772614
-9.16096318400103
-9.748453462779796
-10.856784941876601
-24.264969638006693
-10.322058123258541
-10.282393836295354
-9.697454800134105
-12.390207786408368
-29.711774432622175
-14.647222580776916
-12.136157282590606
-11.917319825267489
