135.47473074963312
157.59612663005603
157.99836174835264
148.51125078805896
147.16920262230298
145.18132925898195
145.7286308876705
150.33750046324056
150.33538190891568
149.17528546948313
147.21998197013167
149.89642528675085
142.9567931557289
146.72271335180758
147.9791000508317
154.62069121040324
151.71092479948038
149.315508540052
156.41538508162645
153.99991159371604
153.35103662441614
157.8241577992507
156.18834349927687
157.88401664066586
152.45497074414254
152.46880796106743
155.74022374720303
155.406700580599
154.2052223235793
158.0886017729726
158.6895956215662
157.57505814988372
157.34285798169768
160.2463891907585
159.66418836332696
157.24236778715166
161.63514678291028
160.3511196004188
161.16923118064804
158.35279675323184
158.99408914755355
158.947852066711
163.30806257112343
157.22570188733937
160.0347316705438
159.58217564926835
157.82385821930316
157.67820570873667
162.50855356726962
161.42659881289921
159.32589145870602
160.44979239924066
152.72892782950942
157.7327038235148
161.19331258050667
156.08885020750606
156.94960961154655
161.05166185870578
159.82970255974072
157.5112276725572
155.5835530886298
155.16732871028168
160.40177442446466
157.13630035721124
159.88472418520135
158.36724822836572
158.94662346056217
156.5539205157863
157.17472043470246
153.48760351525357
154.84589858254236
157.92330576596189
152.94094697471877
158.96750534566596
155.77710610976933
155.98460602706362
157.03856357519402
152.80359870540033
153.49123620042536
157.27368236304966
158.54266041539967
156.13080599120516
155.10627509257958
156.5728419002542
157.66420286707734
156.20242646656433
154.0272156073599
156.73776584318838
155.6292147518512
156.9203064773786
157.5277169205198
154.09469714585865
155.66410554606023
153.2182015090614
153.62696234594225
153.60947535257782
155.2709134364284
158.05230314026164
153.0121585089722
158.7568988517953
150.7542298410795
154.04043934326805
155.1000996395924
156.24770500976422
157.7297649034292
152.13611339262653
159.79908757968263
159.0542418817204
155.09577148038332
158.89690217047414
