111.52783863240303
138.49563407882235
137.89184529452862
124.07401804203154
132.79776815393933
131.70236079606764
129.98235393939996
132.45104737697034
131.04458999524954
128.39576493460768
133.2588042878697
133.34263075433344
122.6900529312451
126.28776083108586
127.90200983858958
127.78747049550063
126.24670209334383
129.9193952898787
131.1332362075137
137.64365009317723
138.3451030524508
138.00962358882032
138.6751357856093
138.50553796410847
139.76536814508304
132.75771689451318
139.24752171610612
140.92863950918812
138.7806825903634
138.9947467059822
139.55345989009652
140.03785203839524
135.2344802227693
140.49030753244648
140.77883133225924
140.6822692955512
140.22065916232262
141.72078784351473
141.393443666485
140.58369833091245
140.8424185712024
140.4100043472947
141.0019316397623
140.9240872621662
140.85469109111347
139.85227042805252
140.01021425722524
140.0265444782551
141.8320153325373
141.67174179605334
131.27774179157362
139.06085600230915
139.80267430626154
140.05381561730167
140.34142031958189
141.09673573645046
139.86604961799603
139.6628388066139
139.3710255525686
138.5356782114555
138.07514619104498
139.68421924881636
139.24153144664817
140.10101240592186
140.10712019159809
130.34795812926936
139.34254815236307
138.39294602360934
140.89521890914918
140.18763550219109
140.57064073552067
140.0377139720756
141.15690179143908
139.51483233865702
141.49101384508558
140.38373299163996
140.06167700277527
138.9753889421581
138.63836105906233
139.89056481233152
139.98259100201273
138.2594174258945
140.59747123002848
139.97326527545647
139.78845475311982
138.62989714785843
140.9323366248032
140.5363744772075
140.09223167611006
139.33447525971
139.43896202435178
139.13464741667312
138.17357475461176
138.7831562510856
138.73709325098534
138.89638383567083
139.04156287808834
140.36964010965298
139.2843561652038
139.35984370520563
137.71987134592038
138.263625286449
138.58691463858432
139.7243345554895
138.87626047105914
140.02668654136562
138.60071375793066
138.43965191784923
139.08111199400938
137.72433015633973
