-12.9564807716283
-9.781531268917098
-9.648547758262328
-11.605073437646771
-10.841753863263417
-11.274180548986564
-9.78612959381948
-10.968349573990363
-10.515740141258682
-9.78161446534053
-9.534773525439237
-18.99768643092477
-18.14134678412678
-18.181073233192308
-18.309646543609464
-19.69555568773171
-12.417265121460435
-11.829323639452772
-11.628584980651882
-11.027461044016984
-11.426614381543459
-11.260031019195113
-11.082597457648522
-11.186974462662782
-11.09898925349541
-10.82586150144399
-10.913870712620104
-10.852028522748721
-11.203045340813876
-11.07114852362728
-10.913804015860139
-11.305625437487787
-11.253268702725865
-11.151600427486343
-11.033474348955355
-11.094681030119002
-11.664980298957833
-11.954371469801607
-11.470702184348756
-11.417257219015916
-11.753835602639318
-11.54907023998921
-21.744532579060614
-18.558912033518112
-19.142900400106317
-12.628413089977917
-11.84526656554399
-12.437592966613996
-11.828792000736575
-11.426197629771039
-11.390831026575196
-11.799960706099812
-20.094252581109895
-20.254937142585913
-21.708991363577702
-14.14504759774114
-12.99833371582483
-11.694055752562294
-12.489492797931288
-12.693255971988215
-12.220123069283838
-13.989389839085568
-21.01690085538418
-19.55068047646977
-12.448170151021161
-19.25979180432251
-13.490619713790533
-14.11799617204428
-20.398977380355813
-20.565506694303462
-13.21729738052898
-14.252514131812466
-19.48991907448819
-21.03110991432318
-14.408389619922986
-20.087796797757388
-18.96300427644847
-20.59324104675345
-19.862999503825247
-20.637080490755057
-20.028701255777527
-20.287377146347996
-20.103719484719182
-18.99357573773031
-19.83917524031629
-19.627301999168544
-21.368080627365742
-20.933717353746147
-22.756714878652875
-19.323161138387213
-20.778075263271216
-22.189811119953163
-22.178775204743424
-15.910082489325296
-21.778519474356045
-15.660558077157924
-19.696944969128026
-15.853794646801559
-14.788366230924437
-20.84245647842603
-20.90282172397794
-21.44728340742772
-20.86202328395113
-21.64106527516052
-20.003476605122735
-20.71375569045608
-21.43366911788971
-16.14313534259385
-20.240090557673273
-21.452857610068396
