28.693895432704803
30.951751012176064
31.27304853251614
29.68112838951486
29.77295339524823
29.74087429387326
30.451506538952962
30.09477807408251
30.454991431673015
30.19777143752936
30.395510780743653
30.328090551729833
29.31465578565776
29.084596586317346
29.37403382616101
29.879073868713895
29.56763270942846
29.25987963187636
29.54942848813533
29.860046336698808
29.395800889119503
29.68910725277083
29.6772362581774
30.015922029317615
30.39948542649924
29.95267715648219
30.745171003262232
30.20907354979049
30.065727675934003
29.951357368460062
30.2971245367887
30.478456063034226
30.89043277761492
30.537147744204415
31.131220750472433
30.95656811220843
31.026367727637645
30.295829584039893
31.106020602120633
30.924992273283735
31.079166959803093
31.355728641966525
30.413809287968466
31.329530703687396
31.16022157361991
30.742383749350882
30.907827208437094
31.062275154034197
31.009841045195735
30.99936068931982
31.092583082544373
31.17050116009252
30.932715171344125
31.3230436281784
31.031221721782753
30.98763773901743
31.425079707434524
31.092742044092905
31.295162960793913
31.375789606235596
31.217903556079214
30.99678022329931
31.18533524852503
30.902945508518147
31.1917106893074
30.950601770609175
31.47909202580855
31.0414495407676
31.147784228825092
31.37211520161245
31.04892421002429
31.10515755383912
31.27507650698354
31.538739955121276
31.469068809159808
31.403751478680125
31.435582556039428
31.04002162934054
31.412946522780178
31.352240057784122
31.146409946977965
31.13173107901207
31.316051698040624
31.26464124303081
31.246905160982113
31.222378944555217
31.34818466361598
30.89315023729444
31.09452542544484
31.196667394813485
30.882412456297665
30.512402974827403
30.856106968677565
31.21368368282799
31.12670112366685
31.118387639662068
31.201873380501787
31.201834009628257
31.228819554358147
30.967089717764384
31.11459882618261
31.122898975751202
31.17648914062134
31.34636214016594
31.131860733172783
31.169923594157183
31.078250882835817
31.179660247276498
31.2721230751981
31.03444214950906
