5.6723466810751
6.468802774343171
6.4737710011560585
5.991827563766089
5.991406707760203
6.146305306373141
6.213687979447408
5.8401117497974715
6.030250928736586
6.1447671113778055
6.184405858796335
6.213566978129448
5.210730557730193
5.514623022544566
5.565284267534078
5.416423340650289
5.780480550511248
5.658143592795006
5.752448327561389
5.882870987804137
5.849359307756324
5.865918094871873
6.024222958742474
5.845712199014959
5.834868945334249
5.844272125816778
5.897252810776106
6.13340393322721
5.6966874829997645
5.826984101959182
5.942278943300592
5.820498681750237
5.894079568769441
5.783726629162984
5.929761332425605
5.711946421997198
5.717384986737352
5.7745463986985515
5.712640872772953
5.674940707751119
5.761122631064152
5.72911472978854
5.635273079871143
5.770672241069811
5.737077581991307
5.709892184494933
5.816408006831927
5.7194651162891015
5.974707779852914
6.051794398060743
5.756485617287717
5.899718295690351
5.920059688649992
6.153814602125314
5.991642611811443
5.860548268127114
5.9472389130697225
5.862005379303549
5.933938053076982
5.938148474012258
5.836022962297998
5.577248543870184
5.777361947887409
5.83289667818367
5.827070132657724
5.745663182571384
5.624279853085436
5.483443659893711
5.85340487168893
5.98249122573104
6.020928588363606
5.688304702873165
5.765292881408304
5.921132054216008
5.822852402633535
5.959715684356081
5.739608635334883
5.849537481090495
5.762806927445761
5.898178810213887
5.863215696765261
5.893052346952029
5.972904457954091
6.0575590305247236
6.00210131142788
6.069813684251894
5.98044837226469
6.052980384103767
5.954033832723822
5.998030226209437
6.069823198122244
5.812315098468954
6.222488506835141
6.226753989159739
5.988598590018528
5.971367314686822
6.059626993713098
5.901936753827841
6.032790920802541
5.9522524763059455
5.964505952303488
6.144937523767638
5.952208862343184
6.015017430739596
5.874363596682236
5.751301018382209
6.005685266363285
5.961652392328272
6.221701523645848
6.228660453015754
