-21.904805516216506
-8.189801525285956
-7.8541263290300956
-10.100224149480761
-11.38129697638883
-18.004558597026296
-14.093452967019081
-9.492222006721367
-9.359190389857757
-9.521795942610602
-11.320678318105477
-23.447238386564006
-19.31213461104353
-26.67754390637328
-31.18942875437318
-36.907397829628515
-24.168976954851853
-25.756591491513092
-23.645608606704442
-57.309659285578284
-21.848233908867147
-27.025091395755013
-30.828472582363595
-29.82966690754165
-19.80786502962156
-21.537888630726652
-18.295195222132577
-27.07144239605318
-23.82452595783384
-18.599274692189198
-31.99871657714944
-17.43306789968033
-23.228830312153292
-29.299155267839126
-23.48261571812484
-26.15122900822769
-47.1468132843512
-38.91665304723511
-15.921324957742565
-24.80119664092752
-26.58905348007513
-51.841256686577644
-15.818700305322094
-21.78311668792086
-40.87768413885992
-43.59038752731338
-20.91454445639951
-35.682492594807854
-31.452605064856126
-22.434451335934916
-29.69718480709605
-50.85348219708629
-21.53542124148242
-22.37617495368377
-18.23696884031332
-40.915389143149596
-21.024260381860007
-19.062509563770824
-32.26309414936598
-25.31953391881861
-23.02560099733676
-23.59783016976678
-28.651463637109117
-21.04191135574183
-39.378348326002794
-40.02538428040567
-24.01823298296655
-26.03215005129323
-26.73632593004573
-28.953372677757766
-38.9783612467507
-44.07126892299238
-24.363311770729275
-65.08607507921514
-20.88330315321875
-29.12446549173359
-16.477057383926915
-26.00095258539673
-25.672232706593686
-39.910981449218426
-24.650958886621392
-20.41929233133309
-22.26658871142261
-22.90497173457676
-19.32883059809511
-42.287379958555334
-20.53449926025435
-20.976134981249352
-25.591661631198306
-15.497944129187642
-30.642465594706692
-25.82523423612674
-24.687006541810863
-18.76540622500826
-23.82125300914
-22.597685644230562
-17.88761349362529
-24.152975209316033
-16.955566479132994
-12.727248818571226
-16.15401817082947
-17.91454904791143
-21.288433278116543
-17.362529359812804
-15.886329274060644
-20.873814577634285
-16.606834391432198
-18.250014694471496
-15.582250460449359
-17.198272357339647
