24.305955166390273
28.017286428837362
28.108871329983092
27.079645781223906
26.770917550218137
27.1854867475401
26.541097459355946
27.375432911204722
26.389723441429883
27.076382075742693
26.877374104624547
27.75514351401685
26.964254841947636
26.566352755916796
26.88617747524541
26.15458036516749
26.650638408260566
27.122821127282865
26.801687829702004
27.162932392479284
26.84364183772182
26.74941358588573
27.78060530479001
27.240687889981672
27.67712358192956
27.941870425778177
27.5817388733436
27.991971800549173
27.71971749903627
27.489503442191047
27.581781600765037
28.03550489062338
27.839248191269466
27.86851962994164
28.137660625993515
27.92098904498751
27.855881870158292
27.958509863587864
27.93383867043102
28.331618031556868
28.464301104779544
27.98554706668385
28.220095150193
28.26349680801414
28.302616425972968
28.383675893353654
28.113469789612996
28.018127057908067
28.22323069589422
28.177848987861896
28.373459667717302
28.376379372783326
28.275381529956782
27.555507432572565
27.98475634367089
28.092501029537857
27.99142318493104
27.97992034150237
27.76149352270287
27.536367885818574
27.716066516706473
27.874261814542088
28.264214932053378
27.92724833342228
28.185451480360953
28.214770808328293
27.983410490439006
28.370275242268388
28.116251111811767
28.411416433923915
28.286621420746744
28.20502235319746
28.43178039345169
28.130251823704473
28.285566166774142
28.290029154205975
28.3620734130745
28.22963717387358
28.464811837322095
28.498438929308485
28.151100931518744
28.46616372091918
27.735054204925824
28.31194056906201
28.35741694466845
28.360145031651037
28.190170902106754
28.20856492904953
28.389641785244606
28.494837145253133
28.403821013911468
28.360984452659796
28.452257398458006
28.308246209586823
28.199383072793424
28.377557137368086
28.505562173880673
28.325797244329724
28.265903068389974
28.365655200615294
28.339312189324158
28.2763070970403
28.22339722251764
28.156380464776166
28.268700185771028
27.889800976093223
28.03724072498951
27.873293132079926
27.973994410575205
28.25295908627814
