26.292947180404582
31.194690022246473
31.604358075623242
29.229897325015635
29.557775642878
29.443894473827378
29.78234354671781
29.507408615671466
29.782648144732185
29.69482334664119
29.56802617483385
29.493234761428283
28.129639035342535
27.354115156551217
26.915708949125932
28.054282887953093
27.991052344159616
27.34146728564155
28.518745595728618
28.20599394950186
28.759389117907816
28.311097806179664
28.121190471975527
28.194873496059603
28.207920466694617
28.38679453078458
28.533366235903273
28.24018172716558
29.231914223491977
28.944052533038008
29.39434446428078
29.344344815539998
30.923623526015575
29.460511049067605
29.500643708698227
31.039214095519135
30.091991070112417
30.44064975626713
30.929035234332225
30.505866309834325
30.443815104401818
30.683619892741866
30.75104234133855
30.869939795064226
30.912183475379592
30.536679347726682
30.603330093742187
31.14327159998609
31.232955144735307
31.42364793081012
31.08727489430621
31.14675590105841
31.187144144076065
31.360524320482575
30.560282100005207
31.218818988065358
31.48655001708958
31.590489960297862
30.969144163198354
31.724624865832656
31.399325334184788
32.14648807069392
31.786258865209252
31.905906533419465
31.880960743255265
31.587607513913305
31.753800596906032
31.57182963886532
31.719856264558757
30.4666451185366
31.85191758983138
31.37751048663211
31.806077650877285
31.760964075924008
31.633003465220103
31.20047050930543
31.083823051562312
31.61048244336739
31.47606678403427
31.075367226753283
31.11086177304958
31.006907032517287
30.729085949962617
30.80967015384015
31.606113507937707
31.35972572651518
31.04321056418758
30.96994802968649
31.370211319014917
31.380594702533248
30.994990721013075
30.752215918806208
30.99095832130515
30.90276474871779
31.336421785261745
31.655089273008166
31.423741148047053
31.376055459792866
31.550267343428004
31.44565237355035
31.410289354784886
31.47403531785762
31.666092022040672
31.934618189986303
31.704159625177937
31.569757999493348
31.30751580818661
31.579580022311223
31.178486874640363
31.300268761141282
