916.9887299714676
1163.5953921885407
1150.1770206758035
1071.7239319321802
1059.3585106372664
1087.4105605040618
1086.4961956640416
1102.8388008992388
1109.9774557298551
1115.8944911796832
1114.0273769662708
1129.368674220936
1117.8212353053382
1125.0414661299533
1136.4946198130338
1127.7771478992604
1145.0574704804453
1152.7135198192395
1153.4144725370313
1127.3293599400504
1171.6882990999502
1171.8353604798658
1174.2401069831158
1173.643097998785
1182.8199137923987
1186.3341631885014
1188.729348641001
1188.144192589582
1192.5283587324361
1193.2776330680276
1199.5181902597815
1199.185973311304
1194.0992865337344
1199.933432518263
1199.0865068820012
1198.660845324956
1199.2665523171013
1203.6521958825103
1203.67226725564
1204.9579427581941
1205.4009706428703
1206.710807288726
1207.350405828296
1207.0553431653814
1207.6351659871987
1208.4819253219391
1208.934520717358
1208.4862301062901
1208.3659074438094
1209.6875914328389
1210.3246079381192
1210.4448275561494
1212.8012401037759
1212.293532854849
1213.81781502931
1211.2211294878289
1213.7480256012423
1212.9808401619437
1212.2769792127833
1211.2471821293832
1212.6132621040372
1213.0775489231237
1211.7380443171091
1210.8880176819582
1211.926512658704
1212.1791039982581
1211.710358100354
1212.5806859937404
1207.9413805625134
1209.6886177601907
1211.3365826402269
1209.868116752778
1212.432176187014
1211.8882185984073
1212.0172364263074
1212.0458749033762
1210.9301099573436
1211.3241076077513
1210.8619320789269
1213.4546749471453
1211.9742904563795
1212.7179664343219
1211.7879521761517
1211.265947521552
1212.9959725289712
1212.9611828105885
1212.7308677118087
1212.3995647527404
1212.5692205947307
1211.3078110034812
1211.4602738198025
1212.3629253771255
1211.5580645546347
1212.0478188531995
1211.162281994226
1211.3805094307934
1211.1493424787136
1211.9159454658393
1211.5506667594825
1212.5389302210842
1212.6777132804257
1213.5817480390272
1213.4838583830867
1213.1859196646078
1213.2954373429232
1211.7157285276467
1213.3554407312452
1212.7409739387042
1212.5897211470672
1212.7789006307057
