-7.17512986731339
-3.2561709878955183
-3.274039766897661
-3.9580182716747054
-3.76193860248737
-3.6750647319909975
-3.6008907280584803
-4.055045948372995
-3.3333740646667587
-3.574704269253917
-3.7081647837009526
-12.248198620287804
-8.645292598029124
-10.003921000865834
-9.815554808631619
-8.807344497667692
-10.484974660094764
-10.904541700754836
-11.016096088353672
-5.173973841809588
-4.726870145778023
-4.070107610540472
-4.445386113283353
-4.60139973018242
-4.877198192584374
-5.449525916297643
-10.83502156958724
-4.790508995269362
-5.479736681393447
-12.150871328635361
-5.245966693161623
-13.132602435570952
-11.621217932353387
-5.26560024992621
-6.115723047297924
-10.386701361851976
-11.990194429460734
-5.868929519880202
-5.876484013235515
-5.739268700570965
-5.510136360542463
-5.594586194736379
-5.31691425692465
-5.24953455537593
-6.442257953284716
-7.283471186896971
-6.470758550315746
-5.648653793026458
-5.059730072045485
-5.972666597937389
-13.524574654205868
-13.051398643594558
-7.18704467387042
-7.541907074562102
-6.446609350061529
-5.998774437238837
-5.5327696199853875
-5.624315640825919
-5.8594558884519525
-6.193302931682575
-5.381944765482336
-5.832883971749015
-5.768033527180821
-5.5980191451132235
-5.977511322718264
-5.9944516477399565
-6.840209105001277
-5.694851320322519
-6.005933928316882
-5.351235498859077
-5.949636553338802
-5.513168520598016
-6.234869347981758
-6.608187003805503
-6.96628021509958
-7.145135492608303
-6.46821818065338
-6.09751175546279
-6.557132513659536
-7.801964306012603
-6.639564683562549
-6.8109972945527195
-6.0590240371693085
-6.632810811549949
-5.913167652554449
-5.773933313717997
-6.2534989478143865
-6.4148420983492045
-5.901637486608541
-6.178170799352032
-6.6345581713451205
-7.777996279485243
-6.25015820564441
-6.45406157204563
-6.906233958546857
-6.3134365057039386
-6.436841435584713
-6.53272029945392
-6.81185581577697
-6.3408700764736405
-6.449512817330162
-5.9967199946093555
-5.683909085820801
-5.587997599426625
-6.5489827696095375
-5.922503533902285
-7.247127234012659
-6.312786311525136
-6.626473118278626
-6.718865072475482
