31.271299790404544
33.17023156611629
33.34906821463279
32.296511328675074
31.554359112795183
31.738097712688536
33.201300414945024
33.39552844182408
33.38414402842386
32.456356148326805
31.929183824865888
33.68990103724027
31.69402986432787
32.858601451624324
32.905698709154485
33.182218000427746
32.78006048308848
32.88395968406928
32.6852958491143
32.87828479292333
33.191044234837065
33.11799629244809
33.139317980304426
33.08756765275316
33.28651566918521
33.107435388599455
33.06681664324719
33.20333720979488
33.801439690955206
33.44916839510202
33.439738405931415
33.61633468476044
33.51812525289367
33.43870795703377
33.240401088513146
33.42423645885885
33.54676350746534
33.44575560935893
33.21976642184535
33.55589504490564
33.474946866944876
33.684007427738
33.49361117430531
33.44672893418939
33.38517515095258
33.4540741094528
33.38179220329338
33.28850340410375
33.26697942902779
33.067141768702186
33.08404391279547
33.15315652954781
33.14368650307185
32.5009624671513
32.84913583312231
32.91126913338335
33.01237198800849
32.788057912752016
33.24728116210835
32.980701188809064
32.594247649865984
32.950520095131345
33.116586716102844
33.044290292055095
33.09163883060142
32.855255441253114
32.88582813755274
32.95707250289669
32.719659622213555
32.42494468796324
32.75560202662433
32.59000069197221
32.60982661886385
32.75593247336071
32.59202289895979
32.48220030674183
32.63720408405298
32.29144363106701
32.52362724182265
32.43217934154036
32.667826958649
32.58420179766882
32.705709284798424
32.47002398561442
32.45231238867406
32.56822951711158
32.64873724628889
32.38045009943088
32.34959334695837
32.45640294281666
32.69963071296597
32.48346945858587
32.45974744389733
32.32046376286617
32.20315128290305
32.4999683554651
32.00008631526153
32.399833519853
32.18889025368016
32.656230207967845
32.41494310662693
32.592768321395596
32.30874370850985
32.30833948140631
32.131205215437745
32.39932351576515
32.350784044665296
32.25578299343681
32.29269181783297
32.03976749357842
