-15.035983473219641
-11.007787915023435
-11.341551294345876
-12.268658208234418
-12.846755621908448
-12.441712341912261
-12.720352994122942
-12.126245578892737
-12.527396614797675
-11.052280572183706
-12.849954905736164
-21.647506186884378
-18.84458648769311
-20.275941978242674
-20.04207518935498
-19.62333081134149
-19.557572109211378
-12.764215583533623
-20.510763193880866
-14.069132692325383
-13.297556267561456
-13.094613164595364
-13.11287344739392
-13.427956083789017
-13.027802387381412
-13.376498295388053
-13.222838666569173
-13.218095300089798
-13.454802785521313
-13.120897249497613
-22.375029171377797
-21.874284672904338
-13.844579207555608
-14.089421379086792
-13.993040066385953
-13.43699695353275
-13.120092720776398
-12.944004147145094
-12.9461064511905
-12.83279472245851
-13.050308631798249
-13.510311185534604
-13.167955360356993
-13.314451244640185
-13.188434135860842
-13.992379118698667
-13.256002062550323
-13.72508210485297
-13.206846082145997
-13.760055611288694
-12.836320538430192
-14.0502360545827
-13.467534396029198
-13.875785846743995
-13.67908991950685
-13.335896745668485
-20.697547242474258
-22.12895453405494
-16.046166594349046
-21.51953588295888
-15.315630065090437
-24.083758610166896
-21.97082441923562
-20.972352231350108
-15.674901157672384
-16.007427066858035
-15.165652972602954
-23.68960160049626
-16.032672576196447
-15.883444561388945
-14.729161784411986
-15.107234083188182
-14.873379094374926
-15.87473419677726
-15.39169527590874
-14.601306897536961
-15.069136790415243
-15.133711023030214
-14.619140911228905
-14.78502966356074
-24.415278231633376
-22.17364860548286
-16.002078151575077
-15.844967307041674
-22.215204710350065
-16.05335179727965
-15.30226731266542
-23.42018702427209
-16.481015265341078
-17.29056472676114
-23.177926524618837
-17.45706549552678
-16.10687097852126
-15.562670327178987
-15.9841094009027
-16.58703387379512
-15.440729283487263
-16.559368109800353
-16.032949610966252
-16.22903058555613
-16.6667857704173
-16.352424451940237
-16.427670711296454
-23.208601948368443
-21.14683640173746
-16.195734998690224
-16.204230023373036
-16.1717659095524
-23.304075640402772
-20.358361197855235
