114.03234365665529
138.2054977821096
138.0600864865853
122.39463291655565
131.18956345238865
134.5429025272442
129.46461045495838
129.99934923069983
129.539864377705
131.64769867221204
133.2118524424418
134.79859678531324
126.25810179118898
128.4382943977441
130.4824088785407
133.74082404413744
127.95865839309982
130.07536266708348
128.9473706758928
130.42329356698235
126.6268446900044
139.59107622334662
139.89917302836312
140.01271967291564
140.6431670608849
139.51093098532832
140.42964344056858
139.91740236691155
138.8287935541198
139.6364013379824
139.72671183213328
140.51205187718392
141.4545332071043
140.82347944624354
140.6388269026052
140.12448474168193
140.38377592225007
139.18546418662896
138.6974385018132
140.640267934764
139.85059928579278
140.5393096907973
140.25999777373173
139.55103206829273
136.83972638650116
138.8034047830247
136.9578636227137
137.9819633257027
138.04834277115657
140.0839988654148
140.317325609183
139.8141658644047
140.2758371779958
141.7551696874024
140.88411738522328
141.8353838329295
142.59513322537458
140.262985278275
141.0675811991928
141.8088376396634
141.20192735313572
140.97589900062977
140.31534389518256
137.1904046085695
138.7941663277566
138.11352844463943
139.50566509686354
138.67921197038785
140.26339640208934
137.56614352378656
138.56365441089022
140.09083399415718
139.38528108167566
138.87618725605276
138.93770029742868
139.20786447564885
140.32068243045146
140.18838490447567
139.54040616386436
140.32926551155495
141.20778605821053
141.18058948139625
140.94931286208808
140.91699857684804
140.33928503369364
136.96017216472814
139.33297465150437
139.14375330698192
140.06565670693624
142.047151213606
141.00627555288156
139.12254638593924
139.92930373328522
139.88936937359585
139.52055604465014
140.31553454994508
140.84023063561654
139.85867832219617
140.6273187468383
138.55678480133503
139.5950843090027
139.48243433677484
140.9186466900518
138.6367452883691
139.4166214687233
138.27214261563057
133.84844637436603
135.73259559998598
139.59072925524893
139.68113825140074
