83.08315185183777
103.95792754411886
105.3577604316288
94.67207976180316
99.65324155059943
99.53068348582134
98.70076259960695
100.63091334061326
98.87489458465735
99.60183233045205
101.55547119882938
96.94858764063135
88.57122864905557
86.71536104454626
88.28738470590541
92.40332829174818
89.31940398804306
95.75109629281187
95.35214460420077
94.86453879229533
94.97370654797656
97.91061825882262
96.34538447710953
96.76580221022469
101.60361840386346
95.96457189055799
101.00447364619514
100.90309988016321
100.36290828287623
102.08627639936448
99.31556575527554
101.86945936513452
103.27691248993287
103.21418705810505
104.36955194032093
103.34457536247255
104.68235938369857
104.84865290269765
103.94362538984649
105.34880638545205
104.64869379385875
105.13238420445713
106.43780509006685
105.33456156993813
105.61535939171665
105.1882393875061
103.54263275057215
101.83711784998052
104.06333472278249
103.98192464505456
105.52529421429986
106.35218173174877
107.56977231097673
102.62209967547915
106.14455207512616
103.37857525948027
102.20903003640277
104.03509465943473
104.15890838909901
103.09630053741975
105.41900123478415
105.65128566544816
105.97037306862714
103.08760246616416
101.73724596883959
102.53194589448529
102.62941822656269
99.67562578201482
101.55074069164392
104.25502243447966
102.07718905610588
104.6757869664964
105.06941860067174
104.66409164851444
103.37953800977822
103.79405011557076
103.29550271917249
101.87135116754071
103.49303559950383
105.42435458368941
104.05025625733731
105.57570908828038
101.63731006301062
102.882773618645
98.8125123742494
103.52176774112657
104.31216909252666
103.17551074756511
99.91653987282206
96.55547913043921
102.58634173282823
99.8804970824539
102.84794093250322
103.6979358621459
100.31780741019787
102.34151051568568
106.36538581075726
102.58132847054209
103.32333412968657
104.7593663517834
105.40946642259772
102.0563359359576
103.48926640416504
102.12259302461861
101.19590196986897
100.25624432379902
102.87516768559897
102.04083032861948
101.35271205489501
101.65708741220298
