-0.601614226528586
-0.3602773457306371
-0.368656096219723
-0.5491969097343976
-0.39629898126103486
-0.4213250605464396
-0.48991341872731026
-0.34436041873960427
-0.3575410355399829
-0.3982621961319166
-0.4490464503221712
-0.7601689462479452
-0.6969368324941652
-0.6123567599465867
-0.6356857124178111
-0.6933762487673609
-0.7331553884490003
-0.6265897586085967
-0.4110728414432845
-0.40375705044415666
-0.42621517119449076
-0.3947453270337225
-0.3961018817892339
-0.48919534631851536
-0.4082574071000074
-0.4847019764982512
-0.4367529018076388
-1.008177479295342
-0.8052862914785469
-0.4484012069544282
-0.45583656885512175
-0.41237033657923494
-0.4317149987461364
-0.43214523826158224
-0.40637872547489173
-0.4267572768157745
-0.41286640100173966
-0.43004990075321137
-0.3918769853507328
-0.42991376219024086
-0.3889381735782662
-0.4170574381369173
-0.4292413161843405
-0.3708955819590308
-0.38497067911199634
-0.3721152695034692
-0.4212481224320063
-0.40294223746275737
-0.3951632716227454
-0.428950066965439
-0.4355875479438056
-0.4085184958659009
-0.38799902503539224
-0.4029456590401235
-0.3726446958986426
-0.3764710728867235
-0.4132772775664162
-0.4141020715743581
-0.41747445874170613
-0.4046664177152331
-0.4265219622765336
-0.4399637653180051
-0.4145788761037065
-0.4304684778834648
-0.3884883957199731
-0.42417801034739516
-0.39386669034846233
-0.3914046350608884
-0.44047804092599635
-0.38939255898156266
-0.42962508637903174
-0.40054262161388987
-0.38969151244575473
-0.3845830404101192
-0.39408300555541836
-0.3787480801865831
-0.3659874689281683
-0.39577521920193937
-0.42613272864984447
-0.3903087438318948
-0.41900618312317645
-0.45315097196803533
-0.39197526203281424
-0.3814850072970206
-0.4560801395131672
-0.4271858339690294
-0.42510830967452984
-0.41895719474820126
-0.4059490802163087
-0.4190994862603515
-0.4053144086295143
-0.39495697897081206
-0.43694531203851933
-0.42670907800803504
-0.48831946640036783
-0.4977981730655683
-1.0200441361995383
-0.468848569117154
-0.8780540906269916
-1.1834668108254218
-0.672691398020465
-0.7657790652118537
-0.7479440134335326
-0.4741954046886579
-0.4348559423396572
-0.8006263229120669
-0.4674966658109035
-0.42200826261135627
-0.4570525549802245
-0.39726942516092717
