9.197571437384576
11.764214507399476
11.771210049697212
10.261678964828835
10.969562658291771
11.06504646949923
10.831743888531866
11.109746659645594
11.074998858839344
11.194852226298417
10.952205835423023
10.453659342863686
9.943362693461285
9.848576327383602
9.959667481775966
9.611276797878508
9.979208392300087
10.54726601164071
10.489382809188363
10.241375210440879
10.037674365223365
10.462131171565545
10.777727078995726
10.893902931128032
10.71374335771453
11.124199885126139
10.654981715616575
10.778511537146391
10.830348044006751
10.834189144772438
10.714992630209984
11.258118355798887
11.111373630850444
11.319974016115225
11.010019119301242
11.271881064513144
11.411642189979991
11.65854857744
11.84419628714923
11.3286151663902
11.473796977576287
11.456477481122597
11.702868834134199
11.841957513799597
11.455433400386188
11.723465121872936
11.747973880270886
11.791015877111802
11.719003271656607
11.644087774802193
12.076318431054174
11.617372538309299
11.957211237479918
12.01185815848019
11.642184217996602
11.723074386073213
11.830131920827426
11.830187535796592
11.64204205292539
11.658328977139222
12.019535575044188
11.9775893947767
11.742718825763088
11.635257874748817
11.61012683854482
11.75212999706727
11.710464429933486
11.606754413881756
10.979823455410799
11.080467249775749
11.675106894137274
11.593630527103047
11.059960144532266
11.087680334221032
11.51806717501529
11.232129165827168
11.544808482814213
11.713560138198746
11.549325716304981
11.468134479025675
11.313952110009133
11.386960636924186
11.64032120475406
11.536671670318709
11.527625583200484
11.226966777734328
11.790811712707226
11.777852906643941
11.505059218078138
11.690361569213021
11.46010764604259
11.735740651269744
11.591298274550565
11.041431386158836
11.385607617881185
11.855427067150014
11.350245555682658
11.326937144041887
11.454757608251487
11.806900748685393
11.694426934627849
11.882715496441216
11.707141728997165
10.908588437274833
10.988167779867117
11.748910653171928
11.633322296910553
11.821621039039691
11.335874990075332
11.45907967941559
