921.5947388999433
1178.1037729568193
1163.4498345526158
1052.014732615713
1111.3899596945835
1103.5317663953574
1099.525316306243
1066.2363752252536
1091.2424560170564
1086.736953388441
1106.0363378387508
1120.3366515450707
1121.087582240352
1128.804693427704
1131.4877043381794
1111.290499223765
1100.8331414397146
1146.7961039165816
1156.6597912576833
1145.153215994868
1137.5104293626896
1154.1970551833908
1141.7051017682393
1160.9526766475915
1153.3905260629433
1173.792937106656
1160.0188810016077
1168.695577350399
1188.3836788961921
1166.0956173158459
1173.148554774646
1172.815644995179
1173.9400113597324
1181.6397365389223
1180.4150685267805
1168.514084917764
1184.3808431721898
1178.8583376889528
1183.0042067493755
1183.8505710365887
1188.417321807047
1185.3353819517258
1191.2358453630866
1188.9370036329008
1196.542233934
1193.2384151208225
1190.5412744710952
1192.195421679426
1191.9610770207967
1195.4225413405884
1197.0458428813624
1197.1284333721412
1197.592594565842
1196.8083200485871
1200.6893186708744
1201.34431334685
1202.427959417547
1200.809021576189
1203.9526430421345
1207.2428781712313
1207.5622516327458
1207.873480646128
1204.740861549829
1206.1783838770275
1209.412563542388
1206.5136378595926
1206.913621691649
1206.0492331893365
1205.52232473243
1209.166713752938
1207.1845449472978
1206.9312014252084
1209.221060589472
1207.4763994007321
1208.9970092844524
1208.3016783902085
1208.8068579430703
1209.761459441076
1210.0147878538871
1208.5839756839762
1210.1239651143103
1210.911645267398
1210.8438997553226
1210.388772956425
1209.5331587336875
1211.459503336096
1210.4969197568155
1210.8316260262525
1210.754982207708
1210.1663082510179
1209.2029089416299
1210.220570342326
1211.3339029319513
1210.41739997277
1208.9566475212891
1209.9358526930307
1210.0171293106687
1211.2082866816102
1210.4483564460486
1210.1105179672688
1210.8196525077929
1211.0427158069576
1209.896188087745
1208.860969437729
1211.0452973948231
1211.1708451444058
1211.6009333915968
1210.4073952047306
1210.3738685817334
1209.3966127056121
