91.71885394172367
106.5768409059773
107.4831502794136
100.14541362894269
100.69220055061172
104.18772752144267
101.41663338087965
103.40592799642195
104.3040199281511
101.4960413998974
101.27393454561786
108.49343707587046
103.02048240221856
105.70479131094463
106.42411787365926
107.25345380100782
108.59894748139017
107.17726757967861
106.23598263159916
105.9658352983185
105.96736466595162
107.0699439842624
106.6953495529813
105.81480566493465
108.93343439690754
104.86980482564937
100.3727339881204
105.88780539043782
104.28906206668992
107.33834361985357
106.16000836478128
108.95051401534052
108.63468381462006
107.5186773666117
107.55721555153643
108.90156828023915
108.70063063542919
108.33608990690404
107.50272815252256
108.05893233424291
105.48945092241249
107.54689815895217
104.72317417258964
107.95431525510995
106.8872251080329
108.42234487425011
105.57652357703915
108.38831253094942
107.63558574705246
105.79216268126223
107.40050997488991
103.15783774590966
108.43543976682307
105.2101480223043
109.21989271760236
105.8262976044464
108.03059555912083
109.473217929434
108.45115997452483
109.06876152516732
106.231778114512
108.09338299383069
108.05149956333977
107.89630881544423
107.6676082464395
107.70659387009735
107.8810525309657
107.52298340597162
106.60900286900515
105.8358246838211
106.17757880169509
107.45617792527777
105.5904353072686
107.3385836561157
107.2614703028693
106.56562471392455
105.74202208586712
106.54898234222654
105.99560987248202
106.66420448012818
105.94681773317866
105.31190410345324
106.92266845629571
104.92958070262586
105.47793883938252
106.9122429362639
106.3821190539429
105.68351967833178
106.25422726254841
105.62691673192558
105.88564995746404
105.39770769680806
105.43324461656904
106.1270413636209
106.0737163786476
105.63407999589322
105.79986699557982
105.87445643906587
104.53847767570092
104.58941776794504
105.28010737015816
104.93129785793012
106.11821853429727
105.6786812744502
106.16661396514996
105.71893506309723
104.92963091011609
105.46278462474669
106.2132891521289
106.34669490841792
