60.98071551920859
77.78595222541472
75.39317757493008
69.48200639718459
71.74603679966414
71.84302753142985
69.8531574577197
71.91366410788774
68.80914702264917
69.23339279037982
72.79277587397371
67.86727992664648
60.696249453421
64.31880353192179
62.10600558148676
60.141405012864944
66.01525824087751
60.690356879497344
66.59451490709446
67.94778922502347
66.32982223564366
66.64111459047115
68.3439047265506
67.43426154680706
67.9288487485442
70.95183217089199
72.23853993356572
73.16503596004226
70.8810597584308
73.81820446271031
75.88232835483582
74.93371370533214
76.25369864368996
77.69156434331563
78.32379435468685
78.94783238617781
79.99183913262773
81.77425651242812
79.30218415742905
81.68710429468015
83.18921779316123
81.6784949709781
82.04874864440971
81.50179867327158
81.78498372139484
81.95198990952233
80.55350198208711
79.69724569161271
82.67435478054416
78.1035571677601
79.22553041982789
79.64305207160605
78.54946570665497
82.64263483177925
79.64971650329387
81.44302837419711
79.77690391496681
79.1758340503597
79.15572922839877
79.73862031539318
82.1753419876425
81.63420694011572
78.69874967705964
77.54848818590472
76.70036847187612
78.072229099842
74.92154148116708
78.01674431484382
76.0209366225704
74.71697610279968
76.81327282273976
74.77624669108836
76.93941970862507
71.49423073327996
77.66311674504004
74.57735493118722
75.58158026021515
77.57258608381514
70.73681011987536
76.46984395969396
78.5067860998076
77.26463023369412
72.82280923358307
75.22544369846865
72.88297069376182
72.53543636574052
80.32261741903741
76.68502001575051
72.16834853418433
75.0179142849238
70.53358589136253
75.84181133242309
71.58844544768532
75.92812566237335
81.79136205130553
77.91066320662271
75.58104766811215
72.86481584505967
74.81734638773183
74.77777005866461
72.29869345195036
77.84066111023692
73.52638563423987
72.73652222406146
71.41932418008113
76.02408604829478
72.44006485859731
74.6010642215971
73.56154513476561
74.30934526823759
