-6.377433502614431
-3.1644639737430236
-3.054742392061206
-5.84361120230475
-5.11223114309232
-4.199986510709245
-4.947060152943336
-4.400453270801763
-4.174383745439181
-4.7932807627578375
-4.337446728906478
-11.587603925575708
-10.764877202468512
-10.126773019409002
-10.489641865991858
-10.050311662971762
-9.339510901069024
-8.797246145525728
-9.019545236299106
-8.139979923928893
-8.630727285254764
-7.307372383894893
-9.194995392957807
-8.504371921329286
-8.02839335716205
-8.361894012573753
-9.097876999399805
-8.495968685858703
-9.67547586397683
-7.9531184338115475
-10.539051825639685
-9.471082890187466
-10.797792077760322
-12.976273407193009
-10.393656898265348
-9.922273687078583
-11.774517441840482
-11.40772060512234
-9.924971977520071
-10.480405998519048
-10.55345805864044
-8.78400914945215
-10.865825667307197
-12.220305059768533
-10.216505620044181
-10.78127489493308
-12.666087100026392
-9.5500261589241
-9.958894383724754
-9.769779396952943
-10.53602784030736
-10.93665801472259
-11.020888862414742
-11.500462520800225
-10.315840030326
-11.289640645420041
-11.045664534885265
-10.723734475098082
-11.394876640294477
-10.313537611480141
-9.629310008568163
-11.721183103860913
-10.88830112081149
-12.566197590827688
-11.357944018795381
-11.020521698870304
-10.819193486639302
-11.966733548508875
-14.009086907744658
-14.072470998705196
-11.773649762671592
-11.907960329181936
-12.396782969262516
-13.496335321511317
-10.688329330145713
-10.627841326890168
-13.200508039417352
-11.531644258735856
-9.312998505595468
-12.200912429570268
-11.510109773689422
-14.501516668742692
-9.356597727424633
-11.88926781897616
-10.966866331349607
-14.871029887018425
-13.149099957575997
-12.42685265025121
-11.952103469229483
-10.227448833747227
-11.400766897083873
-10.561967808417739
-14.444169375358412
-13.879624304763654
-13.641351863054323
-13.610221795436235
-14.85735463153429
-11.813357887229206
-16.226752042584422
-14.264959564072276
-5.732739704366907
-5.669481229246986
-5.48930524382138
-5.38379310154228
-5.25301998219217
-6.045955009966701
-11.74213837299897
-14.856811503638728
-14.913082450167522
-11.383020500198242
