-0.34533477196932616
-0.18801715202570876
-0.2094909247973857
-0.21719260880847963
-0.25001762920655707
-0.23120200430420917
-0.21229461575342098
-0.19758618001079215
-0.21596054803374376
-0.2024141956962806
-0.23592200173238156
-0.33529658241270643
-0.347691423348066
-0.47680903921956286
-0.3028877906969749
-0.31706112794408275
-0.3091013104338445
-0.32732676235283753
-0.3264163535954314
-0.2015746235885905
-0.373330862816918
-0.20437092501843723
-0.20649869113946995
-0.20277282935960084
-0.34424859907405314
-0.2134641828088572
-0.40104825955241696
-0.4069097530412774
-0.21155717557256573
-0.21207530644365288
-0.21909860467272518
-0.36833388754203245
-0.24660159860035002
-0.2100703169534581
-0.33894045222731056
-0.19946745135776933
-0.20440693664637216
-0.21468140191410845
-0.211769235724722
-0.20368419319726114
-0.2797132762524216
-0.20397606179806238
-0.21459926614837216
-0.20248699362083683
-0.20933142477407368
-0.22710509157479783
-0.251533775400077
-0.22682467782043847
-0.22396926814122353
-0.2264310249357217
-0.22266151376525348
-0.220713636854042
-0.22581667806124497
-0.2139777481521007
-0.22429128822980093
-0.20743521893322198
-0.21555527175207062
-0.22485020402066028
-0.20029227297805954
-0.2146553716372859
-0.22161505366127304
-0.2061057731660864
-0.20126546541097376
-0.19645077417063223
-0.212962613607383
-0.211799691781456
-0.19568782969458626
-0.22114479670297144
-0.2045780469876261
-0.27934954231435033
-0.2558437370413363
-0.3657697791123932
-0.22638649641542802
-0.22861427063134201
-0.22775896630588174
-0.2294332484406213
-0.2056717875302105
-0.246614136649091
-0.38660954048969304
-0.21880135273123258
-0.2208899361818515
-0.22324606144537107
-0.3672369480865852
-0.1982417721852997
-0.3488885829818253
-0.3112108493068959
-0.3213082843518146
-0.37050675035341174
-0.2501083725511202
-0.20408390318745653
-0.2148774917565796
-0.3860409848037243
-0.33968081992815446
-0.20980027641818688
-0.23301890666726113
-0.22239072504515126
-0.308577082559841
-0.33985556459180727
-0.21699334863428818
-0.2927313262490295
-0.3286937715223114
-0.33892009493286795
-0.33371823848028737
-0.31479079642766056
-0.42202499907307256
-0.3606006019260034
-0.3460426418539638
-0.4183279956744066
-0.3940792807904662
-0.2204113919669542
