12.633784731171316
13.66702561523331
13.692075892623786
13.050308861761884
13.13493616664671
13.710176256602503
13.158894162108382
13.39675090782858
13.418957583134501
13.108649546514421
13.3505312760479
13.60105270993048
13.236628659082239
13.19812556248231
13.35549663472964
13.3956728495379
13.609588715356809
13.549798297181372
13.609041882576395
13.469644101720245
13.476588449031958
13.591236716641962
13.583202553739088
13.683954788862009
13.75333035177303
13.72207727317027
13.779087843936008
13.665301397494014
13.670923651922461
13.662709049853571
13.69097820894598
13.755385305260402
13.684082119562937
13.619789700051284
13.644620686123826
13.496213482165542
13.65108981063137
13.442853750516498
13.499396026787776
13.538258536005845
13.418889431075105
13.678593632105125
13.718169144746673
13.73687027275127
13.684326391198127
13.642108871013921
13.662426827682737
13.564391410293647
13.678167370030117
13.637165930096572
13.745099749232468
13.62925124312331
13.596217706059594
13.619927187053243
13.591220504807524
13.622220128954233
13.572371711786422
13.56047406325496
13.625050157005623
13.644637173352956
13.50140005099571
13.543370320310531
13.499857151356101
13.313201745814943
13.2353428680872
13.377353294283381
13.250396875726222
13.34009694506893
13.251716476943725
13.098995892328068
13.078279504093366
13.18213058098635
13.23654992867437
13.123695506494395
13.146922377423126
13.087985378464516
13.23413414518806
13.3952857837533
13.387484418006347
13.32920989715965
13.342459640691317
13.401213800844157
13.196180241907655
13.37300951572973
13.472177867657841
13.35875640592893
13.350477253862103
13.546608144156142
13.228725773080185
13.334779700351334
13.345658767803398
13.029520075591575
13.455513577310718
13.433476027076534
13.527996678657555
13.685448440695966
13.413050150242267
13.523209812671485
13.554514819521179
13.516338081427078
13.554037161260174
13.549078063961305
13.4969553920374
13.443654825562495
13.392425638882553
13.45868286497498
13.595763963858019
13.582307601049642
13.423749905900744
13.557233361737937
