1600.0242475864336
2065.5540877900753
2038.0439157854778
1770.7747028368453
1869.40856156064
1884.9789112466979
1897.885573645399
1881.2048632765946
1804.3752605945697
1958.961181946316
1880.3104838220995
1969.349066986115
1990.7894093054304
1905.3810375522157
1944.071673661825
1984.384052511699
1951.033987858795
1933.688632447426
1930.2101460285928
1936.2920257798476
1994.4213985490253
1973.5409876125657
1911.4309074024784
1912.264485860314
1988.1127149100882
1958.3428293306267
1919.3504550450568
1976.9718679281207
1983.5925704073015
1950.7611279421858
1985.9870530179617
1959.630838019471
1935.256508657239
1959.3979683526504
1935.103566868909
1959.4059617402716
1905.1073630824437
1994.5217545360917
1979.7301131066706
1997.8852864672494
2001.9190901217087
2040.1209368258862
2019.5562505896542
2013.7801016161593
2029.0351515873938
2011.0746900907266
2020.7866290774937
2059.3490398409813
2055.9288440430614
2062.21931794473
2116.016532202451
2103.6159016829984
2115.742319510997
2119.292175563908
2130.9954424895977
2131.8036235596705
2144.7914152132907
2159.0711931233755
2134.834468423402
2148.3356656228225
2146.5515197993313
2167.3215725954105
2174.135253947113
2163.397759372631
2168.6382215442914
2172.8481224702987
2177.699592946338
2167.6856800221444
2177.247155269304
2169.346871568805
2177.3939721231905
2177.1959158280497
2174.4918882635207
2175.8257079343975
2175.5182284783987
2182.718762049894
2182.8322999177203
2178.4422532289955
2182.7891297171423
2176.548410813756
2181.5422447795686
2181.5056649659227
2182.803103781972
2179.9238783345195
2184.6920373537946
2185.462788143515
2183.549009943967
2185.080673255539
2184.364376096769
2182.2455375832833
2188.2768806119248
2178.5736070525054
2180.5556995089846
2182.545203152709
2176.9809896283655
2182.399905602268
2185.8445879167434
2184.7848268058747
2181.933192087816
2184.7028399608325
2185.7571314308984
2183.8432850380404
2181.9514528951804
2184.099449985307
2183.380958593079
2185.6245784559665
2187.082494434727
2187.732185142876
2186.9359440107005
2184.1193028669827
