57.96040186557265
67.36548615050357
66.84396752010471
64.09832921000508
66.4201059431972
66.46593555853245
66.99915108233031
67.19671158654167
66.7221040101341
67.3399445663228
66.11859921522762
67.4322570999227
53.97397311887322
55.6883168375325
62.31484053903802
63.126022131255965
62.90371987174656
61.160527467587976
62.686778614363504
62.58792099060613
62.66972141930864
64.52153925346148
63.08272231489682
64.25056398221766
63.590648214753635
62.163542824421505
65.192728252189
63.44906189580424
63.987835141313376
65.26718659415664
59.65202109108547
64.07315023265443
64.61963183017
64.14068645737139
61.91322094213254
64.23552726054913
64.44936463031645
64.23744575226593
63.309582032832374
63.92004967302481
61.266127952717085
62.62454253579551
63.05560781607463
62.30680325640603
63.82357499270468
58.79800310112412
61.587710972261874
65.49525548205618
67.59975767222505
67.82443965552672
66.80671957018457
68.59248548429402
67.89249358499043
68.51855529108063
65.24619147604794
66.83602555374856
67.8994039604342
64.68814598761696
62.712163819617466
62.79615991675329
65.39666187901145
61.809190034226944
62.97876101230556
61.385232480684884
61.77139847859454
61.45357858476839
64.02502370156441
63.51895533368589
62.574963425164675
62.20210267895154
66.35972204905156
66.56301394664
65.5951974789168
67.54037686238183
66.67055330955226
64.71867635524544
68.20705451066604
62.97990058146954
65.87255574269493
65.08968683169219
65.17416366329361
66.815975918236
65.03115473230551
65.93450368996679
66.29012438573056
64.23591097220351
65.3890655036419
66.2782120152931
65.33864653865976
65.36505191831121
63.25770348230456
66.30089744010041
67.68958579166342
66.32747731279782
65.04384990519054
66.19166934341656
64.92329225463486
63.49093311157118
64.9818317863684
61.69602901460228
64.62425655276952
64.47094289895117
64.30572344230019
63.930682027864805
62.07623920206498
59.636427240704144
64.38728791446385
63.2752284598387
62.44501376517957
64.5351830132429
