53.227833091032984
63.78518580613542
63.322597909046
59.16480286840422
61.88653358658926
63.673828905572435
61.6786932018
63.481037486293175
63.49457982173741
60.839571966729736
59.553498556112984
61.93600440976682
53.1376020138711
58.2153342568816
54.30571250771693
58.37678574407145
59.40747889845796
57.61852998212536
58.24421079715229
58.951692615236574
59.78549961345306
63.505974391598095
64.1964694927453
64.42402440647056
57.75811636787698
60.20582356017243
63.18930502709392
64.43368320583954
57.92123261623316
63.751605930501135
64.38627800413607
59.78010761353343
60.53711974560372
61.127323317378256
64.83643490428649
63.75494297162919
59.25151947363517
64.88663729527984
61.98853810091857
63.5490736898275
64.0316800424961
64.93206141021356
64.45950868546163
65.16590888167934
63.15529477291905
59.29161478875604
64.04869771763019
64.61677001035764
63.79944489614444
64.64192973665989
64.72406718412644
64.9140073325405
64.47784099329061
62.71024320108162
65.17480654172891
60.497016371846435
64.65069406157212
63.92168502922108
63.240247785489835
59.91981648452711
63.06099965225114
65.50608601503843
64.43661799033347
64.74265036616332
65.27336579555924
65.09242279997832
65.18049923233296
64.43095546528728
65.1517865780231
65.29592248865572
64.64856846084315
65.10629148087021
59.81212014396025
65.53392631916763
60.256379919396814
61.45145424579657
58.87044238260075
64.33866234368547
64.33907623024737
64.55515786517802
63.47570175352727
65.18193450143603
62.76636461974725
63.961683841267785
60.77087897719677
64.10399382330476
63.11363543268824
59.39411358165582
59.08292471437814
64.23979955263395
62.47213631506586
64.12496922128855
64.12594268020216
64.20091553868694
64.3854153035164
63.7438105438689
63.475233601291755
63.43904620756436
63.958465468459906
61.66575643188047
60.3239961082532
64.85845802910596
63.707869086907515
64.46843645645882
63.48656511581213
62.51105793334202
62.899855028009945
63.486337764430516
63.3677118812787
64.31359791327354
