105.08751740488793
130.1623179008626
129.76172303148695
117.93193066364562
115.49878184095078
122.26499648072891
118.47204392194209
118.92347065812831
119.40244425120488
120.12384999248249
122.39596780045348
120.53164950492645
111.44530154869739
114.04183125722908
112.75356944079782
116.03083896983651
115.05636475884282
117.23184492658386
117.43936271110346
115.16496902798785
118.26618745750369
114.49458906225327
119.86804401467768
121.04936386012668
121.49469783995528
116.83858349416353
119.79683111327333
123.59888047295613
121.64246547555196
123.42276352026828
125.78400889165525
128.23874683724912
124.36593194639941
128.762716330547
128.4878213973156
130.6438819930712
130.1352252266004
129.3076502791197
131.14828255986006
130.54168261119867
132.39850798681437
129.98668021155302
129.6492128332382
133.56517486821204
135.6357095684706
134.7711326482235
133.67738047438726
127.12926607166693
132.1985067696037
131.09967865928994
127.33586876528307
131.56333792450692
133.61536402923107
128.09151985230972
130.0765000742665
127.04787708873367
130.70488622760806
130.03408597657625
131.4437563646818
130.36242294800348
135.7702646379551
133.90567805128546
132.22998335704688
131.49156237032764
132.09843951594894
133.75848305338602
127.3334307628745
131.27926201148156
131.35081105169215
131.9694339501252
131.31934845110987
127.90198507464349
128.46273238378635
130.25864206638508
129.8632049801723
131.40511767644898
131.66081105017219
128.02277441937918
129.0770249742105
128.65526658092907
127.86719749658279
128.9762556284059
129.27414033284649
127.40302842485652
126.24032888513965
124.39575837402856
123.44390023634742
129.4828747796062
128.98120482530365
127.42514305633078
125.4276897147819
125.7642928073623
127.16983509272075
125.8926849386239
125.60812365554618
126.63682841372596
120.36846389115452
127.361906303026
121.38381624922499
127.81829523936672
127.02124962374451
124.49143092637324
126.71644647997901
124.6169172727875
121.00303860817633
122.65645081631656
123.3294056739772
119.55358323650778
127.98026551213215
131.07640309441055
