-9.855970303797571
-5.969038652970297
-6.563487516725976
-9.156136760778327
-8.226097412359474
-7.962878655672005
-7.958596767164729
-7.58566682157287
-8.07346579003813
-7.871012543455265
-7.98015509487566
-14.467134220720034
-12.398299951996036
-12.915385947445492
-14.170345752316733
-14.57905765750507
-13.69023069684017
-8.104000962308772
-16.502601984310527
-8.804747677464158
-8.260829031111841
-9.179766446053682
-7.757372720883512
-7.770765327575272
-7.761535436345425
-7.683856817674313
-7.660666266921365
-7.7509614088625
-7.855475238411144
-7.672020604002476
-7.505534556246621
-7.253748521640083
-7.183805509163868
-7.264644261456496
-8.335779324354283
-7.723207440626064
-7.205454305922463
-7.206069245002566
-7.468069371735602
-7.302694131183121
-7.2066098609553215
-7.211244515299857
-7.572384102207531
-8.20240377206461
-8.144666266165496
-8.157053830676729
-8.284593757263403
-8.303387663052844
-8.229549699644847
-8.778621854679859
-8.149066812442673
-8.416745744217023
-8.207838370641376
-8.93815833107797
-8.169361463756145
-8.568925208964066
-7.884062453553769
-8.284299808671607
-8.533702362582583
-8.776702542845873
-7.7938083267300415
-8.122152844502015
-7.931354684368848
-8.599122763375993
-8.788617608671418
-8.58404309826476
-8.267950887722535
-9.016887695824439
-9.428721753608645
-8.991878392147639
-8.907299730560569
-7.88012440329815
-7.7296650702784
-7.7899687913264435
-8.41827409419757
-8.44367614355864
-8.04391867750455
-7.687197757518535
-8.15317138879209
-9.185636844179017
-8.58243868913327
-8.921473708929243
-16.077918689757308
-16.826481233252686
-14.791216984383077
-14.946361820743677
-17.528697936511076
-16.873475275452865
-15.935958268593827
-9.701972621296662
-10.279573648171876
-9.208369640567689
-10.23409054084073
-10.003240754745194
-9.55317936174985
-9.952893365251315
-10.181380533124193
-9.626142145423303
-9.697961455016781
-18.385335733446674
-10.577377121979199
-9.774801215849307
-10.320206349622227
-9.759812704838973
-10.530638189833518
-10.224990581448775
-10.109118637699838
-16.434654065790607
-10.192614129803092
-10.232202832997833
