74.9960732897028
96.81077290940291
95.66945482711297
86.16087288992637
88.47564548293984
89.44558492227692
90.44533483094587
93.89082244448622
89.41298992563465
87.14273830776156
90.59943866251291
87.70556990353735
82.54674270845715
82.299368566658
85.22533352685515
82.11092405027895
87.16099442652134
84.87620715402336
86.62878828110182
88.65482925422366
87.79195911656748
90.92750692196479
92.17931835176216
90.97878685820503
91.65106662123199
93.96532496697496
92.74126101983802
92.81431416284522
93.4924128129451
91.94390275482426
95.57708529680356
95.95667599511371
95.59879749431002
94.95611629141246
94.02626541215521
96.98437730450001
97.44183454641892
97.73002966365759
98.4583927283905
96.34547463853636
97.43422059069947
97.8891327369739
97.22014354817155
97.54137788259972
95.051134156991
98.68726288652229
96.26772560951096
95.99920215721731
96.05041903447236
96.18229723338965
97.16061924858786
95.90207045453404
97.67220279004002
95.01968829896552
96.71233217981427
96.18492248140832
96.91559861613109
98.37448477087007
97.5404966440637
97.21350149693812
98.33023326907644
92.85209861471985
95.63391262774213
98.75209702522226
98.63051733956588
98.82752793021182
99.21402959001854
96.83235489888929
95.11199121746557
96.62758406950884
93.59309342940139
95.16413541573326
97.28027245966135
96.64671523756988
97.44264039439045
98.13633848547164
96.3999239573026
94.96024466110589
99.03185401082936
97.9429765380028
96.67342225866955
94.95793612131403
95.06007933780455
96.71431274065979
93.90892643308695
96.99912490415574
93.49003049297805
95.73793631907412
97.23052537064605
98.41935364349456
96.25376404128251
92.81622355814777
97.38518595261277
96.03950354209185
96.53217648898307
95.97268856121617
96.12704333586345
93.97704629209628
98.19054224910563
97.59068168313372
96.69667926643754
97.38083396841185
94.28321311018317
97.92310486376839
92.77065496330373
97.70405264801855
97.36351053936409
97.57854027459484
97.45252801278522
92.33809795765109
