501.1558122722314
554.5052731612377
558.0764880300605
554.6589445182227
544.0089939675883
531.8334882754133
552.3762603946775
542.6397755553318
552.831624972649
554.5499671136361
542.3100567294803
494.2271537422201
559.3887023003188
547.518703849321
554.6866620459375
559.4854631002538
559.9482881762456
556.1841898438445
559.5068632259288
559.3355335062195
559.521816773614
560.2862031384727
560.2853346545978
559.9058209277364
559.8263467022359
560.3558822751495
557.7573293371381
560.3202020600647
559.7351574488766
554.8747504001868
559.1264289748009
559.6712488751084
555.3459874093445
559.8447124800286
560.159435419527
560.3835341044127
560.2605682786113
560.3729509357229
560.3583917846156
560.5294090113873
557.099186347939
557.7499525261013
559.8062359643633
560.4295682315962
560.4453254702391
560.436273970694
559.3135692792522
560.5179201793305
560.4926617743281
560.5416745747003
560.3095106290641
560.3142986879304
560.405323776783
560.0302773018461
560.4440656531087
560.4680642768105
560.4786643474968
560.4869298210397
560.230028891339
560.5040110774755
558.2506284215477
560.229554518334
560.4463966947662
560.5416745747003
560.4215158469196
559.6592008674618
560.2867443355462
559.9752033961252
560.4232830663916
559.192892771621
560.248252117759
560.5416745747003
560.5416745747003
560.4100636931638
558.5749203800963
560.1712103439479
560.45762833399
559.1328730399432
558.3570399617195
560.0760798854782
560.4068248426352
560.2532787111822
560.256790518709
560.275802140239
558.390457747583
560.2389910771064
560.3007896035733
559.156719288142
560.5301736639894
560.2586616669043
560.4543214372972
560.5148227839863
560.3389993833898
560.4925866796743
560.4375678260171
560.307605952981
560.2273148057825
560.4919553606692
560.3542352864929
560.3383946934234
560.3277259966746
560.5096595796952
560.5223806634185
560.5215072027172
560.2902613591091
560.4956228842618
560.2501708720017
560.2067130650116
560.2341635201976
560.1278385000828
