-16.605723674622645
-11.093596759607532
-10.771364864730478
-11.685231230094175
-12.362141843903991
-13.0781173371547
-13.109072399023072
-12.733110610746241
-10.872247937219552
-11.181680819371563
-11.376894394918567
-19.940454646164508
-20.82077291113712
-18.954686880636423
-19.639233914749642
-20.08632335508471
-19.75049384118862
-12.608639672645184
-12.660238157878805
-12.971260427794055
-13.058430114777984
-22.7558043673884
-22.809448905779355
-14.173801927095646
-13.80001705205518
-13.486409405275534
-13.637347484248256
-13.117443412570104
-13.159465463958684
-13.046647820821432
-12.635078274645121
-13.564993747303811
-12.587215674654155
-13.119002014008833
-13.583553480545154
-13.7276997460954
-13.10525571836539
-13.095571610388236
-13.116558503242514
-12.973624395104112
-13.458320321287104
-22.203899520557485
-13.922705873134062
-13.258566673641411
-13.137554212983483
-13.548735477232809
-13.477316899232708
-13.868870684165469
-13.365918204675802
-12.994215481822122
-12.885675616891389
-12.87576387460039
-13.416817640471917
-12.895326760898824
-13.399430713820177
-13.970496499759996
-13.483966497210476
-13.256987298137572
-13.077730191645914
-13.456505688762388
-14.12433765048778
-22.26403456644136
-15.90248941175068
-15.443223478802679
-13.916927030741084
-14.511071078953329
-13.995359956359534
-13.488387197771173
-13.626660697262782
-13.934089601374703
-14.521406530547303
-21.418574529587758
-19.54063654650329
-24.28245677432343
-14.06875534184079
-14.553698030372766
-13.741453315724348
-22.190107107379983
-15.377720963650454
-23.061632418259865
-15.74831336786046
-14.55862979175255
-15.3212696860768
-14.093513853720463
-15.312595825304173
-15.587537318887755
-22.00981344070498
-22.221610504631034
-21.64140168056303
-20.908984425023448
-21.923549655638976
-17.73763246921851
-18.001052124048257
-18.782990254524105
-17.807960841717243
-17.67038224589933
-17.03438571032592
-17.302611984128095
-16.711064635969166
-16.475235387467144
-16.864572290078378
-16.8710620259065
-17.186513781765925
-17.697914227595138
-16.554058694263556
-16.34440786558674
-16.05569592086876
-16.41602136763902
-15.586660211605276
-16.579200390013586
