59.94116236539481
77.82352249865384
77.49440373049372
65.74537745782696
72.04545588772255
70.96628077621618
69.64157658377152
68.75723273591916
70.49618751117973
68.17987447527628
72.31387656336638
64.30125176397229
56.496674037801455
62.95066956292165
62.451921584966485
63.803321482570524
65.19419748277174
64.94393338581821
66.13240920684822
69.0459468953158
69.9895932819286
68.74556166558632
72.27571733437507
71.37221734120716
71.99649491370297
73.85322731596185
74.75876216875638
75.8265878687501
76.02117794081362
76.94030492248866
79.14292667153843
76.9403560914061
78.7556022402243
80.62097015142061
83.05913236401437
80.34631160115768
78.23109021391096
80.35586122466427
78.49165282201007
83.48018536360543
82.67439383421433
82.02730825498305
81.81756625413071
79.34049087166353
80.92357430854211
79.03819575053006
81.30517027162466
82.35356189561864
80.72906525067157
80.1256436498969
83.31916996078313
76.82851425403102
78.13001368589185
79.66559828883422
77.2207348213204
74.34049317984864
77.9011872503453
78.6542132313016
77.9298881888177
76.92254901778502
76.49613201128938
77.31463337335646
73.33050712930198
79.03048263981182
79.99067393039992
78.23909853047778
78.78729688801928
79.61944869989513
77.22459668518947
76.43520782717405
76.97349508504928
79.3694097167069
78.57070310807995
76.0719396166023
77.98846811382849
76.6850716151849
77.55919214551557
79.31337108625983
81.34933038949099
76.98332537459265
79.00460070315042
78.09656511311954
78.28915035120136
82.30435772575059
79.1199773208667
80.49850622056763
78.51517294182705
79.587598184478
77.60940405945614
78.45992376822126
71.57661424518594
74.77491862615939
77.48311146062068
75.9663024020122
74.92644016222422
77.75523465643424
79.92088152760785
82.50336448175361
77.00028595064538
76.96681748917382
72.52650317041476
77.4510017353509
77.07385046500816
74.04202829821409
78.08178294246035
78.19703130912497
78.9010358688319
82.23843290446514
73.54910747876472
76.93360266318047
