30.619894858794822
34.080714002156554
33.91932145151323
32.6833161734034
32.276794688316365
33.24624392416745
32.463589855232584
33.080246263014004
32.91959773854775
33.249578179532065
33.327683303057995
32.70272813993921
32.479616301264684
32.291535949980435
31.17788596535156
32.57736277600971
32.72612009923988
32.86446963636155
32.5888764216305
33.0037760859712
32.76629921881965
32.665154709229896
32.01504843206623
32.950819357090175
32.47462420281048
32.89270275398265
32.943556084845135
33.186069059865446
32.73274538005097
32.95660397937862
33.526264578172466
33.325008094390995
33.27957137889236
33.426999562371044
33.170968203318054
32.43128050781059
33.298541213953094
33.40406769135283
32.58065974182855
33.11992325962819
32.56245773075846
32.821343418898216
33.24381238197248
33.03480077202936
33.16180401467719
33.23367199215258
33.1833877806047
33.274209725582786
33.60433792472199
33.343395184262675
33.52039391016322
33.46404821549654
33.692953673476524
33.294022162427225
33.8565387557029
33.906091859830006
33.83901439462727
33.45747113189172
33.46190598539994
34.0894292910405
32.937621473378755
32.57728092080894
33.01346834834797
33.47894332287028
33.60136673132561
33.22770922548304
33.47112041082854
33.329962233703576
33.407536373852004
33.75597954949733
33.55086549154931
33.668077849308176
34.01294900388877
33.82375089121268
33.905419309910215
33.97291780194711
34.29020663907093
34.35217711798287
34.31535735265458
34.52360825433738
34.14691505575825
34.0831951439853
34.403283805302486
34.06671586377799
33.98106995289693
34.28599372068942
34.09990733897956
33.576457805734094
34.09895224298795
34.44976673291093
34.2365076598345
34.2637489044387
33.9269942977674
33.62526903845874
33.610835824868
34.23101539335522
33.90193196190727
33.39383217368959
33.3735677133522
34.34233744307489
34.260719162753745
33.25413394553665
33.73822840489412
33.890286878896845
33.70800287070669
33.71299271522668
34.135968229031455
34.37795395947957
34.14029536454063
34.071131655902995
