1696.1706911307633
2000.74965066396
2036.4543218109498
1796.6376072338778
1861.7311013964081
1801.8773643373252
1915.8899345055695
2013.9624124305471
1918.3778097269449
2010.617420850837
2021.8146083493384
2039.6437125031694
2026.2539573822735
2026.9407514390211
2041.201341381537
2012.7766734481245
2041.6793302700087
2036.8732884727883
2030.3384528920776
2047.912455291808
2036.9878907060036
2026.4998682637815
2041.0654269312704
1999.4119234066216
2023.4738690387403
1979.8339682391877
2016.3749292146074
2041.144950585067
2035.0261283698933
2016.6298772700693
2032.7077157203446
2046.416776919226
2058.611042618132
2040.1416869989291
2062.3417452617446
2050.6318876934847
2072.481204678102
2089.8837290381534
2090.554861734305
2093.5137979519404
2096.1489306547505
2087.842916278304
2113.3422682141113
2110.8244183438005
2106.779911773368
2110.1735465812676
2114.9633362121276
2120.312393780521
2110.775732981638
2106.447670944808
2111.495263650004
2105.6096341113107
2117.7397508920544
2118.4051663575956
2119.1951907989232
2122.2027488437684
2121.636309131617
2118.145416207622
2117.410539463086
2119.650247401501
2117.835809264229
2118.201587590524
2116.7410408361475
2119.8537933217244
2117.615718006129
2120.3098533851326
2118.070552490511
2120.9027073848374
2119.164204049465
2119.630054923931
2121.274716734709
2120.697190960576
2122.2339621587753
2121.4010597168876
2121.97243567647
2119.7273782055313
2120.8921836940726
2120.9272600937684
2122.591983695627
2121.625559771668
2120.4585565297198
2121.7257814429486
2116.38096849087
2123.2518748339976
2123.9722512787844
2123.8690080542515
2123.2752116202782
2123.5971322723813
2123.5853817774178
2123.0054260057677
2124.857542275539
2124.103354108083
2124.374249161141
2124.6116539621094
2123.324797013481
2123.0070040081805
2123.7903206900105
2123.2545656180496
2122.000133326574
2124.3048777894464
2121.444045210517
2123.3739267678457
2123.4385122095723
2123.094254906394
2122.8623361154805
2118.573788060789
2122.1699153472455
2120.579642989519
2121.931958020853
2115.1957872194835
