-0.6601163080896414
-0.3326423733792082
-0.29611767832473923
-0.5264090678524429
-0.4036645471343981
-0.4306049371717838
-0.47089616154187175
-0.3742484859418029
-0.4541019812268774
-0.4068331513625012
-0.4337409620327967
-0.6887114139916921
-0.6978295012419758
-0.563078959420191
-0.7729541159972112
-0.8566591290977698
-0.579465671673577
-0.8612203583491234
-0.7550976320998818
-0.669946019425729
-0.5944176910776181
-0.6021004852384265
-0.5255129464934852
-0.5523100600290876
-0.5481876235850996
-0.7215527647955856
-0.6082900644674876
-0.538873753349546
-0.6699514783779313
-0.6108843093719305
-0.6569988752557994
-0.7609023504197241
-0.8175327712559086
-0.6494161548746209
-0.6059244630369315
-0.5135409859649189
-0.46724051422179425
-0.5508112803101912
-0.5120592352991963
-0.8906374772465733
-0.5335133647114182
-0.58397761387937
-0.49652731314096427
-0.5720275099287552
-0.6773389611851939
-0.9068702349080667
-0.7839488827144725
-0.7628566209730516
-0.874315485781494
-0.5666921112913864
-0.7601067810117178
-0.8572478189843593
-0.7388610717144021
-0.7568782649028655
-0.7206698128642175
-0.7005098726601545
-0.9980273861157621
-0.7080175178932898
-1.0503190785135579
-0.8891967932519638
-0.6406177764070524
-0.7413155134919658
-0.8290175595202764
-0.636790407679581
-0.6639115308056525
-0.8681692244670106
-1.060300421584131
-0.7426782036349395
-0.7151044244056531
-0.6471471493748765
-0.5764520509682121
-0.653516731817052
-0.5890041953113393
-0.5428154803482381
-0.6658326667996566
-0.7710755848773367
-0.5887645100182932
-0.6621917291848225
-0.76028901832151
-1.1204341418331183
-0.6282903399574485
-0.5325791446473097
-0.6694301975259034
-0.6117456366080485
-0.6836159033522504
-0.6434208343795208
-0.6380008448012906
-1.4894437725773115
-0.918502483543395
-1.0275829429881347
-2.4870899953118104
-1.0209634893579778
-1.39551831372194
-0.9607731353198719
-0.78854561540515
-1.400620323212144
-1.0992144865117834
-0.7056336063610119
-1.0102479503941622
-1.6168635407592087
-0.8935476970792049
-0.8730877233190973
-2.4481345167010846
-1.1963637494020833
-0.8944384502530348
-1.0321577915702842
-0.9960803787095169
-1.2888227371421335
-1.4514849430285064
-1.3026819137154513
