112.51672136697027
131.73039651466928
133.148326417987
123.41790148911885
124.32639269747757
122.32663170328507
124.58784837942675
126.21736929393623
130.58211382606666
130.44121417891662
124.96771496658026
132.86407238619807
127.46989402639029
128.26620026300185
127.62894679807282
125.31458944066907
125.6302627741489
127.01699396222557
130.41024967441575
134.2208349492843
135.5070771295411
134.49601940629213
135.12947292597448
135.32646738342336
133.8584340453099
130.28391240399105
134.50675441929357
134.6897965455064
135.3156167675032
136.07826440073097
134.2931907554072
129.63586171504178
135.0729352788459
137.31375190363613
137.2075751500078
133.25347825873558
133.9726311106066
133.44658899991376
135.60304767486022
133.93375778345728
134.44464513040862
130.8660335108376
128.69225429528686
129.01465066070233
130.2777761892944
130.00866176475176
130.71640045602695
134.21223279187024
132.18935212676735
128.96992091225678
127.42789097839767
126.28758897605829
130.27034928032026
131.6782136845051
133.35759163962211
132.36578147383406
132.76411282113526
134.18265167663412
130.90934957798353
131.16791235893055
133.65905359908854
131.49101637429663
135.10362867880485
131.0163528362039
131.8491659678229
128.66606434757972
130.29554582988342
130.03160642036602
131.0902314043844
132.33385790290473
130.68759986880627
124.17509383748082
129.48140487076978
132.32977539216893
129.72271080584395
126.74546146563605
134.69180421614956
134.8592576263675
135.5054294910729
135.26799709944157
133.65546797752737
136.38575144954666
133.63579292130058
133.2214288650732
133.86257827752192
135.10754526218156
133.40579555223513
135.27326972088247
134.23005086836415
134.74014323820805
133.4586834996197
134.6135900437762
132.5705804750241
133.05024897893648
134.23077815047094
134.38492055269077
132.332754473902
134.49124063964132
132.97946326288195
133.4040982570627
135.0559542941489
133.39640264533946
134.12355587300647
130.61116499485544
132.77376287310605
133.42809751430144
131.76399345043018
133.20368011487238
132.96662640313704
132.51658933312336
