23.63470139984737
25.922169159600866
25.854912383016096
24.715754881150158
24.84029833811265
25.106920095491773
24.90042200229402
25.278131137010963
24.91054938763404
24.92870389084826
25.782094074612875
26.44571237768505
24.894320170411824
25.027670361343308
24.730695757420946
25.178562122809225
25.220105898741252
25.246500178025393
25.50318895116261
25.517919232836842
25.063310952628147
25.6594246893835
26.076326645819055
25.708009356986988
25.87995727993903
25.609366380719777
25.997001195890306
26.000715964017378
25.861220887341243
25.692395923805314
26.101891273043368
25.81703171395777
25.988249434906066
26.00401130667678
25.787447803282078
25.98877484955359
25.976454877173484
25.789411245390877
26.056083898431368
26.019267889088315
25.711380778374693
25.55636173603602
25.72041671513074
25.510240665033947
25.541926032815823
25.47189376019927
25.961614312751383
25.706915902271934
25.841903097422847
26.049208657084105
25.765178555891517
25.923140661238133
26.069537417379994
25.934678664564622
25.884862275169745
25.798724369231312
25.94983589814578
25.728676945367734
25.52704010938287
25.642014568364086
25.638583771738013
26.0116985455507
25.85421221686686
25.593223126068253
25.869305431717645
25.79462771153411
25.562776721491943
25.570749211033508
25.410970984278357
25.738403843473517
25.316444480421666
25.75087771779977
25.843952038760026
25.74120484877029
25.398348303081665
25.401362699426137
25.16067335322019
24.939821942212372
25.416106835393983
25.25892632728919
25.206182911765143
25.119778096768773
24.874968977476527
24.79567005514103
25.281336091315175
25.330019532207785
25.173213771259583
24.850577617172114
25.20103803984832
25.10659961773964
25.338626124126534
25.23471023184549
24.88803345317924
24.882345512331447
24.94954845254688
24.967098760774803
24.78324225718609
25.07646219441984
25.219296884278446
24.925623820423567
25.367487532367207
25.111944926759545
25.205451117686017
24.945815542799025
25.23367598307247
25.18393074654709
24.93378340926944
24.802442454391322
25.000476486204587
25.077586940858954
