1303.528677245589
1812.9873073118647
1810.962260385661
1658.4942054668604
1507.163520932534
1632.7699621902448
1596.0566478908327
1682.285806550388
1659.7014297068572
1649.2933076236964
1667.1849210777916
1678.6615691365964
1707.0502492322184
1677.385838014326
1676.9953085455695
1657.8827332581748
1622.3188739898767
1691.4317855082597
1661.9636381002206
1695.5088398557912
1681.9820580914857
1718.7496760783874
1676.495716002262
1625.6110361611313
1696.2165880520408
1694.5262278725224
1697.562339273732
1688.5900686330467
1753.1580724911319
1682.8021972557797
1697.122687580533
1700.126555909593
1742.0261933062764
1732.0902276403353
1761.0574740218244
1734.5205402827305
1732.9275220907825
1790.1106033749359
1803.8371674381046
1794.4094916233912
1822.0952115671312
1830.2391200135623
1846.253461673796
1843.992264916739
1853.5477147072636
1852.035820186667
1846.9013781191643
1866.266881059966
1881.3573952995007
1870.5510969692066
1877.2705558345046
1892.1450325064375
1892.935086688142
1914.950122231707
1922.539831989065
1902.3488439717
1906.7056638007425
1923.2303615295625
1927.2253814452922
1921.3558880631572
1921.2426382780438
1916.8859904711726
1923.5071701499353
1922.2535125475517
1914.8507952831753
1924.2533779442201
1916.949747443578
1922.6891052753335
1916.6368738345693
1917.2988283382845
1923.5005949519307
1913.0770462043902
1923.6436049290587
1921.8596403377005
1922.6729246955265
1919.7233242386558
1926.7378967716154
1924.4239020802122
1930.5082659184948
1929.9771754755773
1929.2472270862131
1927.9738882618478
1930.3417809407906
1927.128636968442
1925.3448961139443
1926.3829207165818
1930.466169469045
1927.3203684970047
1926.655061585369
1930.0053863847038
1934.7370006722067
1927.5386267956512
1931.2609393661696
1924.156628532802
1917.0923999119414
1926.1998957196013
1932.5722243211435
1928.4481327608287
1909.3690868884798
1922.7721760210397
1927.5423348594945
1928.6302337999307
1926.1426502111424
1928.048213055569
1928.0623143474027
1929.320632121453
1923.1036326879628
1928.883681677763
1930.3647379670101
1927.2367563809187
