859.4492848063027
1101.996892987842
1091.2257804718197
956.7746020365988
996.9579274153527
1035.604271091959
1020.0572314328864
1075.0198987936076
1007.9631725299897
1060.4370533997655
1031.1139288142858
1067.0024376112895
1081.6334421470365
1078.2330336751115
1071.2844622859068
1066.9869076268387
1076.8039085040025
1076.389933771404
1093.787141540663
1096.764413185951
1127.6847594227957
1117.4728153025499
1128.1328353566612
1118.0123475192852
1129.59210707018
1140.7399492479994
1133.6565202035633
1141.4146573752082
1138.005763267044
1144.291287735006
1144.6613979730041
1145.5434053223778
1142.0207701529005
1147.3606934155282
1148.1366700163878
1146.1550722582676
1145.4946060312138
1147.7880221041432
1146.8223528892793
1148.8351074918057
1151.4671428798363
1151.9612746475736
1151.9663340233994
1153.368033428344
1154.8178235866749
1155.4715059833256
1156.7397425891681
1156.2032269410886
1155.8820516803014
1156.3616619071547
1155.5419854319073
1155.6578778850305
1155.7212735647172
1155.7249344499432
1154.8351380999438
1155.546939301856
1156.4446287945061
1156.981350524281
1155.9887927636569
1156.932548418641
1156.929233057236
1157.6470872527875
1158.0351305969587
1159.9224367760764
1158.0119128447118
1159.3243091947213
1158.3599578644971
1159.4159422657708
1157.6664065404145
1159.5991274188088
1160.093945910401
1157.692996388022
1160.3282538825572
1158.2819505730101
1159.7266730318793
1157.6400194882558
1158.565360185382
1157.4853814985509
1157.2691999596418
1157.961647400054
1157.8552212513794
1157.814846808241
1155.4424887986788
1157.0346496495201
1158.254826036868
1157.8431197604714
1157.7839125971218
1154.1872467617588
1157.9016757284257
1155.8568240441293
1157.7613791408912
1158.5302199759958
1157.908730681422
1157.9335274946732
1156.1086680790977
1157.95381169597
1153.6026229902075
1150.6181173619318
1158.9579102329203
1157.3368057260343
1158.1321960586306
1151.3985481305886
1150.978439538412
1150.9989368804243
1151.9281112690956
1151.2025689801424
1153.3634484787601
1152.6754825875869
1153.3691747009302
1151.9774827724245
