128.40195170626862
159.3354620642351
155.9495935815771
145.20970378582427
148.81997956527107
149.06374923247378
149.79370372648648
149.01041304034337
145.0478434871691
150.24155278416836
147.84506202836158
150.67579307990627
141.77102395721158
144.65180124636655
144.39964323148922
149.4255233285359
149.4130576175757
150.5407346646397
154.3050551896556
153.4869692650988
151.17411879119155
152.83468491807065
153.0010082907975
153.28877353604145
155.37486026898725
153.23320549306507
153.15456686233316
158.97423870316865
157.42620432101003
156.58213530538129
156.59741820672048
157.34705408289832
159.1955606299092
157.7768968070826
157.27887571395559
159.99868349554566
158.19219582094715
158.32129132072845
160.42978654218638
158.83164568408404
160.9020654646401
158.93306551227124
161.91981813914867
162.0490939826184
161.31332863731876
159.58892213056427
157.38628720189533
162.53411998723712
163.85778293766447
160.20904720964862
163.16167076531318
160.28321989720627
162.74011191290293
163.24683083899066
158.6360408517225
159.39403525805304
162.7244536621784
161.94449139298388
161.59757178515432
162.27510183002215
163.20408640991997
164.5107157471042
162.55157863229138
161.91086601037594
162.46291930395847
160.7239422576833
162.24714547888263
161.75860532315113
160.34648077476285
161.77841919631072
161.60053383542498
161.43826259770722
161.81027975278386
162.34476221641614
159.9799059122728
158.86730970915355
161.7499693342906
162.2131325659362
162.5887997957075
161.16604029645535
164.03391671283399
162.0581213526861
162.1021484359661
162.00568440676807
161.7301232573989
162.36311607044308
162.37713671125508
161.47881277601456
161.25406581435755
161.69869286056579
161.57697623604702
162.41153325247794
162.28875714350133
160.0204300070649
157.8778206519338
159.77341723104237
157.7515752010115
159.14332744816105
159.46329906400177
159.6433976933558
162.4698048154122
161.27173298473946
161.626404613303
161.70175308212495
160.41892750405893
158.57126389571928
158.71200143276684
159.1235989976668
159.9123439887897
158.47555518023324
