25.57070307282031
31.781789979496427
31.1016517261017
29.811066389399155
28.193224087967195
29.730533643493086
29.568918829492947
29.558365821614135
29.78493130229897
29.321310078493138
30.258986344158476
28.637415269150313
28.292805286180553
27.460101520681746
27.60803931762179
28.344720686939933
28.31299155574915
28.789991036685493
28.554727357958587
29.518559467959697
29.46620389160885
29.09136506473656
29.306824180812697
29.864168264188706
29.14413514899106
30.041043561562486
31.286217677846707
31.088855458516264
29.559659690641055
29.522023752693492
30.321406146769917
29.88112903131141
30.208280519427966
31.454856977350758
31.082033499979037
29.91431006633736
30.900033749680716
30.759994389186108
30.85806481261047
29.932292235097734
31.569119375103725
31.293684457129405
31.449571953225934
31.366346469677328
30.5327674874527
30.552668501638344
31.555393873420133
30.623005398345995
30.654658969629327
30.477370912494127
31.404378538825696
31.51595026423521
31.425340635717742
30.45597904811765
31.26099892071821
29.789367677056145
30.289068634411517
30.3545461195371
30.79089913163288
31.089190423237202
30.1052997631605
30.580674509615363
29.95644342915882
30.849251239297914
31.387188609592684
31.302489782753618
31.508139745807313
31.369454358773524
31.537213584370253
31.27676678639821
31.00421409320328
31.156233105722084
31.57072790238649
30.535632939173357
31.108950567688684
31.223688515583707
31.071630705326896
31.133472240684856
30.612022086274006
29.985913298519414
30.115787472239088
31.121088044149175
30.924438093226936
30.62946913993969
30.686843504088884
30.553657712480934
30.81134879312441
30.379978783450547
29.964349590807707
30.344436454540347
30.804252787154716
30.440420137083485
30.61290383684514
30.344587281512162
31.705081178758498
31.90303825919637
31.586682520347026
31.560751009682996
31.469063059847866
31.599964271914434
31.616816181172087
31.298714992495533
30.287717241102484
31.268533937876725
31.07337643070667
31.017723948763898
31.16912354040639
29.63123490620345
30.757965636045412
30.74641618024608
