-12.161359853071925
-6.476992620014393
-6.284379519949503
-9.608816226499286
-10.678517596273732
-10.045956395594974
-11.181112534658022
-9.916628002319564
-9.25429077059732
-11.29454495542817
-9.280127225827615
-16.033152135689214
-16.701788862725827
-23.638887305202804
-15.48962993162584
-16.514771604273236
-14.58609239743378
-19.74139553360557
-19.03373825176208
-18.43567581839309
-14.071369756364108
-16.380405028780768
-19.546541804599823
-16.051136224650442
-14.908319260226818
-13.349525109824816
-15.699823896786013
-12.089567583694754
-13.662224567875692
-23.403583099153952
-14.072835050254092
-16.403710127588933
-22.209224429721683
-20.639732925276732
-15.21967575731955
-14.21512018859954
-13.755046013140289
-17.993780664638486
-17.209109128177207
-18.632656335056353
-18.86650989095576
-23.614524875125106
-26.72427429953692
-16.776811117134397
-16.816271665487797
-18.706667171858207
-16.042902483379258
-15.685806689511852
-22.20053276574352
-17.66455001386918
-21.50213159999196
-15.225549617973341
-14.988702755657465
-18.77723326075862
-28.57664318331491
-22.02183959249882
-21.769422288122122
-20.694039681158586
-18.27616728515169
-21.087352365256205
-18.773603948988477
-20.99017954524648
-18.24640420260408
-20.48372468111134
-16.219487280702808
-21.41303954207211
-18.017395577880656
-19.315804777693316
-20.166919360669656
-25.180797372530492
-16.44583216205559
-15.669004302797008
-21.646780656412542
-18.976021729782413
-16.13971484468646
-25.182751067091093
-16.23761816012858
-29.35236133575695
-18.705864445411127
-21.647865170527208
-26.208936131041376
-14.512203754340277
-17.406431508971515
-18.04205443975794
-22.83802221611841
-14.113246573481563
-12.916395076809836
-21.04691766544207
-17.14192002227349
-14.927533728018055
-19.53141952416151
-19.99177253140747
-18.266790009486762
-24.01455387079084
-22.591341030432837
-21.799254703819688
-14.694156395014494
-22.418727118333514
-28.29051805254535
-25.22035974935136
-22.859423825106855
-32.84044932054809
-33.66416112230942
-40.21617935649121
-15.468295507764337
-38.72213893575739
-32.382089724281904
-33.875070015035654
-22.933695983120735
-26.776852218302732
