1624.539903897494
2043.9230716292036
2030.574190597585
1836.5680310068462
1851.021022121788
1821.0252242819079
1874.2016566780715
1905.5009065868796
1872.1432628890789
1896.9036983904373
1912.0384898796044
1971.8911186452492
1877.6637430151018
1936.6123357713068
1905.7873875874336
1994.6397448012972
1975.0040927122996
1939.3186408682068
1898.4441789477057
1929.2700588247744
1941.6037970092054
1901.900130660584
1925.3408606067774
1854.8928634444242
1914.5434773284348
1932.2823060792978
1867.2067316698472
1991.984268893397
1887.954214228886
1883.8193609382838
1944.262659936904
1955.5471676178893
1972.9232677753434
1947.2968389328453
1950.6440653590203
1961.7895775306456
1985.980293611726
1956.0087285228708
1962.751050616344
1990.4280090000996
1986.330403132831
1981.519012928718
1997.3591301157212
1984.8702227457977
2007.1538183130338
2053.0405229270646
2026.3637369674275
2037.1622593319182
2035.7884034296317
2067.1298772238497
2068.893417594459
2081.557848307631
2099.5050838474185
2114.208484527707
2111.9271041902366
2125.280138384946
2131.0854800564935
2132.2270871525043
2120.0358920184326
2155.2626161194416
2139.9843671816193
2160.8155176603636
2153.375817771794
2154.60354300127
2144.0166242415626
2149.9835931253415
2154.704258324595
2165.8480827248236
2165.053450267872
2166.2899151173356
2166.563302367726
2163.430855556337
2170.6947883017847
2172.361566605853
2167.361357304581
2168.1685333341356
2165.39853942839
2159.3889297821006
2168.2368132482497
2166.329765550669
2175.7376875743485
2172.629070013947
2173.3590171003048
2171.3173313869434
2162.1510824448965
2164.719787960564
2165.632054898265
2166.4649363448684
2159.2756653090855
2165.127016929747
2160.071246705422
2164.3436195771833
2168.635709683354
2168.493295942397
2171.4521558697384
2170.106471848144
2167.6320432769107
2170.256895292964
2168.0743278831883
2168.261671876734
2162.77077309338
2163.6944216877105
2169.9834813964267
2164.7691765940444
2165.527103236725
2164.5084518504273
2162.4886214202234
2163.7647969596064
2161.4579180544642
2159.0159251368186
