1464.1730040494624
1904.5769667922766
1897.4587495524652
1667.6441993086582
1763.0896634196367
1752.054317454217
1745.5984778482662
1773.265962938011
1893.7876572370722
1786.3512122433624
1742.6374283334922
1937.5317577943842
1910.62651455004
1898.7017397924278
1891.3916623189518
1898.051591199612
1901.054452874946
1896.3842503115393
1890.6295969076248
1860.9249575356168
1883.9013571399134
1915.3987498567863
1903.5987579395583
1898.3593995662957
1894.3309762043725
1898.778573169473
1911.1390143661783
1922.5243071857583
1901.0439678450914
1918.0455582956333
1916.9245513119804
1916.9684032112611
1937.8356870450407
1939.5189970674385
1953.3359832884344
1966.3438728099204
1939.2960709446572
1938.0892443180749
1948.56463438755
1979.7513627490678
1980.8916369741085
1969.1762334896791
1981.9372475147784
1954.5777847691008
1988.8723754220146
1990.5441376375913
1986.6306756312342
1993.3732725717107
1997.131822632119
1993.5192015686575
1995.4645195769867
1992.9233581523188
1986.7086086443671
1988.7636945901222
1993.6911693166428
1994.8368567280256
1994.0936710543867
1993.278285102279
1993.627305433754
1992.188150377863
1991.6982935523754
1992.205284182867
1994.7429487077293
1991.463603068948
1980.5253681481236
1985.3379296308506
1982.5378224123008
1981.4765729188844
1986.3686874072732
1984.6038326011187
1989.704710680986
1989.756476009699
1988.892578253727
1990.3108755599958
1987.2937589533713
1989.9833901900809
1990.7230105932103
1985.6240571384849
1975.675316864591
1964.6901892790665
1985.7290253502108
1966.9008713094477
1983.1327650314656
1985.8074405139125
1969.8363662874485
1990.6816078005595
1990.9598119853672
1990.8498632768542
1991.3574904035875
1987.653263088471
1990.477348338395
1987.1809284126603
1988.4433144221398
1990.0470123561802
1990.4973264508264
1990.9782617714677
1991.0663507065933
1991.2073518076716
1991.1312565807996
1990.899696433216
1990.053977198364
1990.8808755418395
1990.5422348856264
1990.429720329363
1990.1180060349013
1990.377891792823
1989.79367963842
1989.8639741251154
1989.5529892961463
1989.4540299124212
