95.38299702598583
107.53148846105732
107.57131527518402
101.14426962077336
102.11381729178727
100.92646760250119
102.36217915283888
108.04356652080577
103.75863549112928
102.54579720533343
102.33538443625615
111.850107935352
102.65790252213219
102.23372541037199
105.59187565659873
104.44983149225725
108.57636234477917
105.57806608060122
106.06973652854218
106.4665483114853
103.44058572881747
103.88208464301536
107.14618584623304
109.23193316705749
108.92044168400493
108.94322486595748
109.10440869551454
108.68248731125367
108.71228383332095
108.6682014024473
108.92655490908557
108.24469331702059
109.06492606425664
107.78451423169248
106.8038716116197
107.69727230132189
108.05913751903469
108.52214553901685
108.70693177298645
109.86292790216719
99.28373768987201
109.26411007077125
110.1969991201206
109.62294004347588
108.11605736824941
109.6876041657008
110.3846083850278
108.81302429353445
106.61124194661878
107.60610829089487
107.90392644015456
104.83524912745739
105.53235806854175
109.72961461361311
109.86925160462081
110.92776155138088
110.55467462969122
109.01973941369192
107.20254196335708
108.44713248003693
109.37698333384063
108.48740710787689
109.7880230610466
108.97609393476964
109.81904711888673
108.95248149584111
109.16526598710684
109.03807426222971
104.76556685479899
106.65567964619031
107.52030349207755
108.13884399570637
107.16984406648633
104.32474228981212
103.70152704806189
105.14365254404451
105.00292101485454
103.86827865831837
104.43720544676405
106.097757536219
106.15795119537495
105.26503159406691
105.0032190885375
105.78021793092503
105.52307641285465
106.28725538888148
106.16038364575796
106.32285749080656
106.54225952855724
105.4481448511598
104.32957806734039
105.47446016048221
103.99755741325909
105.01751367242564
105.02310012971068
105.30879749417149
105.48384781110619
105.70731574832196
105.80427791404351
105.69216111941626
105.24819984195476
105.1515758426558
104.73271267254765
105.01503212035723
106.1129994421759
104.2048844355613
104.71794209765822
102.48128107368042
104.0508113862237
104.84196925695265
