-16.517128186614155
-12.757367224716624
-12.891369751291084
-13.941837612429573
-15.053081988392341
-12.888837080324679
-13.622781014506991
-14.37091415313899
-14.168533270345637
-12.733674704319528
-14.079435453182464
-22.341671357112308
-19.969120699108192
-20.574062695889165
-22.85310398884023
-24.14917077873635
-22.73125112976203
-15.368321554573157
-15.44503476826129
-14.120458680767792
-14.639556224429302
-14.140417221920377
-14.018255594599838
-14.600264666023437
-14.70896400615491
-14.715456860375236
-15.215075498544294
-14.306857948276969
-14.232095909159915
-14.513227289554795
-14.321382866233504
-14.07754401747461
-22.3788856726615
-14.85375332716854
-14.532260900588078
-15.329534685645259
-15.311220743220481
-15.219495349510597
-14.867302507419604
-15.27151964113753
-14.633318160642675
-14.53400453977992
-14.617655467094925
-14.70156425992396
-14.848151668375081
-14.828317471874804
-14.715602844243946
-15.136424501050087
-14.631198492300284
-15.421910582630256
-14.552637619140048
-14.884483320514526
-16.010071391343924
-15.866650317950876
-15.622983990015324
-16.067566944132285
-15.627454970318647
-15.395122035475303
-15.083492724575708
-27.381346049492468
-24.176348494451688
-24.068459022331506
-18.14628142362122
-25.189979123072604
-17.97162944853827
-24.564065616189623
-24.38899015790023
-23.15539787610104
-26.847327012424305
-24.617912281197587
-26.283286249869306
-18.49030409159461
-18.11935645479905
-18.650847566036866
-18.010196345264056
-18.625882401298597
-18.895785122345
-17.76976340476236
-18.328931557471687
-18.401918577977483
-25.301545669595615
-24.647966567187385
-24.050351201684283
-24.99507921639
-26.22568094450687
-23.068471603859948
-26.522157474239556
-24.91665465527947
-26.485622813304666
-24.285753457046013
-26.0971867512566
-27.20754588826769
-26.232125232510295
-20.71422528584358
-20.828844125913168
-20.734214956194766
-20.416625645563172
-21.25980459694782
-20.61028129741114
-25.719879348511878
-25.88611659252708
-25.783276004406726
-27.8730005130902
-24.489831775476677
-25.556851910462505
-25.600275283302153
-24.909942508871122
-25.23435728588324
-23.718294644742624
-24.100205435408988
