28.685399619707315
31.084759175032087
31.207641232373568
30.191364670095133
29.766357785301146
30.184439674528377
30.12887848141608
29.786682409888126
30.90312816719217
30.929913593633984
29.57887010467535
31.350234235543162
29.484223632534345
30.009442110674296
30.120626961966234
30.700545526872954
30.29492232306508
30.910706386360513
30.701456805350265
31.15520771581483
30.985868443002246
31.156320697519625
31.11095059863283
31.365287772549436
31.333413785252663
31.064569055829935
31.42013591922971
31.402406315845017
31.36231130423634
31.39619383767572
31.41958060153191
31.41073841013993
31.031410968925666
31.16321113154839
31.160613795547825
31.200195253034252
31.120981267849224
31.76181107054142
31.233049436569882
31.37337179346071
30.987729447757435
30.860932728690326
31.212336789146576
30.830801525766372
31.2273133895661
31.17160942382065
30.781300779316904
30.849949870395307
30.86134641881697
30.77692389260366
30.837220637188015
30.807629292960982
30.340899018618565
29.76766799420057
30.079396216544346
30.54891211412191
30.56431983483303
30.689672171359554
30.70753248013127
30.71336255841344
30.93027843564091
30.879442979803066
30.609480463058382
30.924476199422095
30.94101901870582
30.29000535518907
30.587469770011182
30.20293727458768
30.03963491731049
30.45779623735865
30.368587376122285
30.59064044072849
30.49714523278296
29.9469336385994
30.085645917783147
29.888645978757644
30.190159644954047
30.16899608600299
30.091572411728496
30.084085057734793
29.82578539232895
29.7578750478297
29.853419391039953
29.825648562224334
29.99886518218999
29.716536840778765
29.541273015887985
29.608853180086605
29.569614172803906
29.526223091748573
29.558552777367915
30.086438131028782
29.88399025250595
29.746528004245967
29.586810795107084
29.836751515042614
29.573834330114735
29.431903964431903
29.6557690746288
30.076326269473157
29.453511453180145
29.954757536191675
29.725014187787316
29.798709364141907
29.638057387520032
29.61349652528248
29.773454734391084
29.849962075446097
30.048394377126854
29.883228025371356
