-12.963857197192086
-9.692380872359493
-10.002345713698427
-13.018579818101184
-12.116504332457408
-11.281121767675643
-9.636441502885415
-9.728191111641802
-9.630620474887865
-10.2076792351486
-9.53840189615283
-19.47226015063034
-16.259702985583978
-17.839270375296845
-16.726692490056088
-15.733509268702333
-11.128689437656453
-19.050331977943934
-11.270466179733681
-10.647375162958527
-10.527181149554647
-10.770035293365378
-12.479186672005367
-12.870422826577554
-18.54501195159489
-13.085681713489047
-21.99718205132168
-12.479090981778164
-11.776079824357407
-11.391270056580638
-12.566242709062315
-12.456372885660477
-12.00500611649329
-11.762159991012307
-12.869801107894101
-12.746670826486596
-13.627794704888561
-13.244747958103481
-12.02710823142428
-11.80942156758981
-11.663945844131128
-13.091276814294536
-11.64746659917961
-11.280386041085608
-11.543209392379568
-17.67592087993187
-20.012761814023072
-13.05443063131763
-12.837658178788182
-12.785993564334307
-12.60307608341041
-13.320846491518106
-12.302756804898214
-12.84453165626909
-20.62986343979065
-13.927756707698776
-14.145071761926467
-13.836880857478592
-20.77850365588865
-14.573314685405897
-21.275118597480162
-12.899988215659963
-13.048943672231365
-12.843439708779718
-14.261424357729386
-13.524263807399233
-12.746817895695354
-13.05498194327251
-12.999481873043482
-13.581243305316331
-13.180406601499907
-13.14704621730335
-14.498842949616519
-13.565263665158794
-13.027492009779756
-13.838416780224446
-13.020819222666558
-13.661726509171997
-12.681634300951611
-13.245656085458023
-12.83923891293127
-12.238167514834867
-12.449795207940765
-12.314313945394657
-12.612879604158481
-12.621747330395324
-12.148208502708409
-12.543081538841106
-12.293462841566319
-12.215515112509573
-12.046285441198716
-12.834418896152723
-12.689777648675951
-12.825486827350446
-12.183494920511865
-12.600901386662082
-11.904217617757467
-11.939825386890234
-12.064980593322053
-11.649882575693614
-11.75014177464954
-11.8830693108679
-11.45053978283209
-11.61570387621777
-12.904731681450912
-12.687820146533147
-11.469314229650104
-12.126207563971493
-11.652038356484518
-12.828109767235151
