147.01139187002497
171.1066719391663
169.25856940001526
169.0386904755074
155.8601064782353
159.7456584502244
170.0484456436494
168.80282091280984
171.28331472004933
162.93152383816846
170.2874820870644
172.26430997005758
161.57155228566768
165.02886154490167
164.51469364970768
161.73204626001564
162.62995353157388
159.27680180554057
162.2054074409848
171.4800396846726
163.29943156643367
164.29344163676075
165.57764669815646
163.9010004900236
172.39134975433598
169.32020710828135
169.74987470675245
170.8037993314411
170.97596754383002
171.85188228172865
170.68332210633656
171.2262173592434
171.60590394097468
171.6608958836245
172.89289064784208
173.1920739186132
171.40169840070627
173.13734305907005
173.8300175682689
171.01955590449765
170.97528940532476
172.1827222340023
172.7115036073559
171.70714567355412
170.12649903911318
171.27964881363846
161.75677227435474
168.98941640015178
160.3674830674691
168.74833040673525
163.50641362761922
163.11443100010447
163.60770291102975
169.48542553545127
171.33184622539233
173.12330181515702
170.92610699276705
172.04443887125618
168.95109933061565
171.04803362796295
169.8559665371849
171.91709804018151
166.64563488990865
167.3827180552888
170.12221912787635
170.85686676554647
171.8610959603016
170.86257224418475
170.7738288342081
171.66502371584485
172.58300941678812
171.3478109807249
171.9458164492761
169.90317316941423
171.68632949421146
171.89464409160567
170.2516511238055
172.53644383193537
171.59966567672475
171.1588412322719
170.29456946464379
171.3399571323919
172.17719148500623
169.6078447776023
171.09805164032707
172.32335326419778
169.47725420108995
170.59619604704778
170.41225510897016
170.71039296432696
171.85842462599763
171.13590069446465
171.4935466300338
169.37814892427002
169.70102450163074
168.26403232472336
168.79936515192756
169.50320474253755
168.6483881666927
169.80166375572557
157.3182406313123
169.14294094405562
170.15109454000455
169.95706482816266
168.8734066725905
168.53489247455573
168.26189388480165
168.47407181917802
164.2669842126748
161.57743171110178
