512.0326419716728
555.3297243729828
556.0573411781027
531.2426996934962
530.2150395430846
524.3549375099111
536.5892172017021
549.3489919093311
541.4248130599088
541.383538943614
512.0581570426839
535.3672793853292
548.2082194495097
560.2250516483994
559.0084093504454
558.4926475299252
559.8239216545608
560.3403701240594
558.6162321549887
559.7941636736055
559.8279438838395
559.7291258470452
559.6224934026216
559.9667452272154
555.3884167037043
555.4302856412712
560.2709868514021
559.9116584549197
556.0573411781027
560.5416745747003
560.3572473679324
560.5416745747003
560.5416745747003
560.1470392219499
559.9893539314248
560.0586942968586
560.5416745747003
560.272864635981
560.5416745747003
560.1369662952682
560.0677536458272
555.4406970499263
560.5416745747003
560.5416745747003
560.5257938110597
559.9103608611433
560.5291871891739
560.4607776724663
560.5416745747003
556.0573411781027
559.8846142544476
560.5416745747003
555.3313940566691
557.8637716376929
560.5416745747003
560.5416745747003
560.5416745747003
560.5416745747003
560.5416745747003
560.5416745747003
560.5416745747003
556.0573411781027
560.5416745747003
560.5416745747003
560.5416745747003
560.5261875695276
560.5416745747003
560.5416745747003
560.509210706002
560.5416745747003
560.4824222507623
560.1935390916624
560.5416745747003
560.5416745747003
560.5416745747003
560.5416745747003
560.0648350034942
560.5416745747003
560.4276387671757
559.7770826038136
560.5416745747003
560.5416745747003
560.5416745747003
560.3599250566231
559.987231785979
560.5416745747003
560.4225981945594
560.4943575183215
560.5416745747003
560.5127914406291
560.5416745747003
560.3604677726084
555.6231635031917
560.5416745747003
560.5416745747003
560.1946664640766
560.5416745747003
560.5416745747003
560.5416745747003
556.0573411781027
560.5416745747003
560.5416745747003
560.5416745747003
560.5416745747003
560.5416745747003
560.5416745747003
560.5416745747003
560.5416745747003
560.5416745747003
560.5416745747003
