7.5647869806967
9.453003493195544
9.415922725305826
8.383284755564965
8.805933602431757
8.912381983606835
8.745687189149345
8.748855552459323
8.745916800844322
8.723513522099077
8.83907185235703
8.154953076593339
7.501341668312919
7.848810112789299
7.8743663872456064
7.890974736251338
8.243643323984424
8.112921893119138
8.190305153002162
8.6016849282343
8.069004270841383
8.329760787582149
8.195096233795537
8.190238377591525
8.304734334763157
8.430950198942332
8.609910406903646
8.792666294858378
8.450887795113452
8.909018064390414
8.751460144621984
8.815139253403208
8.811032308735083
8.761449311381083
9.019518225099192
8.65200668474566
8.544441220281206
8.876416383333018
8.83219186483568
8.903215553527772
8.981861208629052
9.194946965607844
9.29389308628745
9.303685951650168
9.16190907790356
9.190208369030126
9.438941406902762
9.274727849833518
9.26906908560815
9.446062519698199
9.261143797611302
9.391369822350107
9.06391301298561
9.345506576066676
9.247765486414067
9.023016200221527
9.32847506137091
9.339629210584325
9.190220765504245
9.156106664477193
9.382044298156025
9.407602995912988
9.372021167026958
9.38692513518422
9.359173618330841
9.330400717090354
9.206549225732827
9.3386226722573
9.331039661256886
9.113326967089119
9.276853429694087
9.504197159285734
9.260900076529673
9.293090220715502
8.839765034058363
9.2212744383024
9.35876735983481
9.444324688528102
9.276049072766634
9.490408253908535
9.350290203925086
9.046640388138039
9.319688664864183
9.423824731852214
9.41039667768588
9.410669245737258
8.943055849603907
9.196462281912282
9.096384583226074
8.704547285175067
8.930839132240507
9.059572485802857
8.934873430201241
9.28357415792513
9.327530293076608
9.071599575574455
8.950541772130133
9.243347200590057
9.093896613596291
9.05994668475029
9.077646240959323
8.834035701076518
8.742004602308965
8.728331624110679
8.812906653712158
8.926147022809888
9.00489878125199
9.000343319002033
9.090043551231526
8.899601138691366
