11.119742829821906
12.559907509227603
12.308611438768441
11.693234540964726
11.883591794421603
11.999628741074046
11.936566058894078
12.098022446441522
12.345817590944964
11.998771968652425
11.88530534989993
12.195285874498751
11.475798166769971
11.839823154343986
11.671282249995404
11.45176837666771
11.951737636422234
12.06476247286076
12.098595151029103
12.115646695704191
11.79304804027231
12.241975799460604
12.162269506541021
12.275436273582118
12.175994264462808
12.204853451775008
12.253428511362959
12.22876350729377
12.197608489680293
12.212614131409891
12.168183849404926
12.15027226281213
12.192795481988682
12.241492989851363
12.28512897712877
12.331444810660205
12.213955713777663
12.213354590246174
12.252489079278673
12.202172248326224
12.234976435758574
12.261735316710942
12.206886266671946
12.29468356394109
12.241529038918753
12.298658838052702
12.261095672741849
12.197926750292025
12.208179208313263
12.25457858278145
12.192903529724905
12.240956561293967
12.058985941798143
12.273995827692067
12.201195472523553
12.130970536969908
11.75570960542355
11.96707008004855
12.16125684428876
12.191812974448945
12.284391268415296
12.198560502569048
12.085227726034715
12.190353313519624
12.196252050796561
12.166193803415075
12.182433757434277
12.22046308246402
12.325994827104246
12.219289192796444
12.180504377775067
12.246901628710798
12.215519049331693
12.27033118562521
12.309764525581713
12.182683026513542
12.302858908493626
12.26763512299983
12.172911783411413
12.168252947270453
12.048196081698707
12.296006236984816
12.160135246243728
12.253529533281807
12.14347822699447
12.163462296925415
12.205913876233016
12.242885384280187
12.113644716836188
12.037902310818248
11.481263317471827
12.178998399759756
12.301134026786482
12.368875356188374
12.406666437026521
12.058225906831558
11.848863927358716
11.944809180520856
12.174070458028899
12.034937730586144
12.023686377240166
12.115291901957375
11.920439308421832
12.038424196210597
12.03612097851365
12.226884879307269
11.852505346119008
11.890828768883523
12.035268674531928
11.980924126287224
