102.67735841901448
123.57570905657295
123.41402766036742
110.21280418548574
113.05337616358018
114.17033698356818
117.6992133429261
116.34965265348353
116.7045849353601
119.11765641507962
116.5681660967485
120.34819308552169
109.49353268352563
112.05134292429202
112.4331877593887
112.55208407834677
110.67982344079503
123.60391850173028
116.90913357672557
113.5163848443917
118.21394949229789
114.28708930340561
115.90390806649143
119.98085044664863
118.94359479514479
123.59433727408049
122.81566393550865
123.73928059436992
119.82660705875615
125.46260089322905
124.77302826838861
123.60062763176713
123.24345358831165
122.51748500669724
125.9702272323014
124.64380314199545
126.64082451683781
126.08313124484137
125.13073408307842
124.44522051641485
124.63098571853229
126.37410779475502
123.25280784643044
124.25759499828426
123.6053624738049
122.7244696948336
125.22484379474695
125.7508073107314
125.99737374358915
126.51362025429822
125.96554994161396
125.14961225526618
125.1814111667437
125.15112231471431
123.87816637915276
124.95747904928834
125.87173750819544
125.01278630763795
125.79004068000003
126.08885187098917
126.82866468332911
123.74042668372299
126.27055745796686
125.88910579195475
125.71747262956357
124.87507798636585
125.46586599655592
125.98745246813029
124.77476951223096
124.84470190551674
123.5936004511233
125.53706910986197
124.59240611751169
124.74710278714221
123.48015858335962
123.81584789090691
124.62938242138189
122.97156430474467
124.5602255871307
124.66624334174887
125.3592189107074
123.83290778659494
124.08854151203016
123.59037564409148
123.18691415621711
124.64502614246474
124.73863697912408
121.14826796917734
123.17805390784041
122.2558712301376
122.04586431471287
123.4156878316423
124.6716143839816
123.81394877087183
124.914631913834
124.85572039700045
124.0059593911154
123.6985443942557
123.07736391851668
125.28761425571659
125.17916992700431
125.28452079759347
124.76549754710015
125.23919878745492
124.49639821069314
124.09022667585045
124.60609537923428
123.88686532962129
123.66922163081621
122.50654139373148
