482.7976575254575
553.9026598460935
558.5003789209146
522.3366766511924
536.7612543562341
531.6234648370512
528.8056225862744
551.4118149888719
547.7566871917825
534.127646362091
558.0111723537851
527.4413689652758
557.4717116588988
558.0373931618601
551.3530370427798
554.0747604159961
558.6915955043085
558.567816653361
559.6295951070905
550.1743430270683
554.1567512751651
542.6548405378176
558.508224639942
558.4061897386655
557.3933768971552
558.4955251442404
559.2460332399468
559.225360592992
559.6682476685412
553.3386600101495
559.6931504887045
559.6711807390507
559.2427437649459
559.265841888588
559.4626240138521
559.3830843785993
558.7212993590991
559.2957413182121
559.9348040532891
559.8956445027422
559.2957093170522
559.8487920244266
559.8601816728776
560.1295574479745
560.2891323095192
559.5350299253357
557.8325579723424
558.5324228975669
558.9804484663143
559.0633575434147
559.3114992634935
559.2740655528551
559.8325298469522
559.8037171897714
560.2826655138774
560.260141502949
560.2187485488374
560.2737321115682
560.1223908784561
560.5149488570912
560.4608843178382
560.4677769385294
560.4919894990726
560.501652267772
560.5100178467399
560.521017917272
560.4002268968602
560.2908050269436
560.3808974221799
560.5368243656771
560.5396488516596
560.5353252499679
560.5416745747003
560.5339176376799
560.5413035577467
560.5416745747003
560.5416745747003
560.5002093831349
560.2175095847285
560.5416745747003
560.5416745747003
560.5416745747003
560.5416745747003
559.6079027962733
560.4466285769179
560.215348777992
560.3883604194182
560.5250690883836
560.3845940305189
560.5416745747003
560.5214565460165
560.4934541726128
560.5240160281769
560.4789696451312
560.5016562853441
560.5396054960595
560.49256456025
560.2503397892028
560.0164031683023
560.2419659446225
560.1620568654826
560.2040071051905
560.1833522055438
560.4957371603291
560.2111737728235
560.1877447302778
560.2944374533542
560.4887902736989
560.2700546369952
560.5128850267827
