147.74621611176454
178.75539228434894
177.07918185990638
158.51899547659986
167.42737910814512
171.32847778820485
167.38103736880248
170.98398665116545
167.13136230266213
173.47844137847062
169.73705765681748
172.90229240874336
170.82888872457255
171.0288686769086
170.2439942742955
170.0112528389735
171.5881356611652
168.20282524437232
168.62575206165704
171.1344952459875
170.86082647020743
175.79127179387115
173.7895025212297
176.44940622349884
168.48901991142168
174.57297831050695
171.39546794166367
177.46913314239293
179.58175150834782
175.19941122281654
176.52518554255477
174.82200208821655
175.44940534351835
172.09241811025208
175.40086282592245
176.32084752929546
175.77763339633066
179.42168471790106
180.9915025195249
178.11515843064365
177.97610032371955
179.18739696009555
179.75902909171091
176.3592831341988
180.39573834280188
179.60907055471662
178.69323467846345
176.49673855019208
174.4245486888947
175.1901021986917
175.6745023125591
174.46816903095322
173.92455375288998
180.2039605332787
181.48398625517228
179.256654577933
181.09350696228765
182.2552492873372
177.20169751593698
180.2083593140398
176.6090344745099
178.54478995226023
178.37589081746822
176.47244811374307
179.54832769811213
179.89431952804753
177.48545723466663
180.83633277093955
177.31812523801975
173.99551583944248
180.04513628361522
179.0593335957176
178.84970006651892
179.51149038559782
179.83951071878192
183.06599995892293
182.69022603821927
174.443777986971
179.61632453820727
175.74622718910518
179.7357827028691
179.29850258502196
175.17969982991525
182.95366648427972
179.34273703531994
181.881168504095
182.4051259276683
179.22561726384137
179.78735518921502
178.08616779757833
179.30069250338312
180.82318588255066
180.16947423782045
181.41136781816255
181.0311085823251
181.43908841665498
182.04344068327936
183.19883039115533
182.4461538213952
180.86912491593858
178.55656256180703
178.48320706434782
182.8580009207412
181.06235866382212
182.25998781808505
182.53640803704815
180.3781008013519
182.76963240759972
182.61266785360866
180.05150579113703
