-16.026541024779533
-7.610804519948725
-7.518289967036691
-12.706977081119359
-10.873520181394525
-10.592938958599508
-10.356449185258832
-10.31317570047124
-12.33412991239978
-15.147435188069025
-11.580520424453345
-17.738965208112347
-21.70367287487293
-19.74366250560452
-24.250255690623245
-21.10892016074079
-32.93923264400152
-23.59685463469317
-35.07679997676168
-21.551839583177507
-21.43803719506941
-22.774755547188946
-31.907000961668533
-19.28571022882638
-39.295573165257885
-16.856895412719364
-45.15562636614332
-30.73379285410245
-33.691544592605986
-14.174317439033022
-27.97841849078245
-20.05126581712364
-21.88456951713036
-23.016233145009814
-21.863127611330448
-17.74748709374309
-16.842162250913006
-22.816190569211876
-18.97807605722113
-19.353373270001487
-23.14787349702642
-22.99196947468649
-26.924775705452348
-49.89174516671803
-22.65256608175247
-15.906386749902774
-22.48815111552931
-42.041114235260764
-33.071568553862846
-22.911826206858056
-26.11284039132765
-19.003705735159915
-22.345716852650238
-23.18847474785248
-21.565565220981135
-30.48990874310748
-23.600113219786735
-34.427510597978284
-33.196823474326266
-22.095462037384504
-29.34814331486382
-26.63847686590663
-22.23593984020517
-33.12438397292561
-20.515774189777673
-39.63565014334788
-37.73314452619092
-43.732239737615274
-35.24751691795826
-40.183413348672524
-21.0839843945717
-24.63270184579183
-25.143089440289923
-33.7378758583391
-26.799498048242928
-23.23460143870582
-30.032180369167413
-30.108111959924145
-32.46075931803303
-34.789805416970474
-27.166562178025206
-27.835719400765694
-17.259580550995985
-15.382120946843855
-15.828117047056828
-23.05145084192927
-32.55908643928782
-26.70122332398035
-20.435246128562724
-17.843164131115323
-21.27209255445335
-60.75333347248771
-21.90600057027466
-13.624478758659244
-29.873273040133913
-34.3088815242057
-18.990110303905535
-29.428830702911714
-20.137942629807153
-14.352479297092238
-16.954629425363436
-14.005552084262826
-20.330076370284008
-17.041440163394462
-16.891028582700702
-15.286232260868475
-15.59486691508626
-16.46748506980269
-12.844906312040083
-20.501624889977435
