104.93904687050775
128.32805724877767
129.05937642543518
119.10668537098499
117.61349522127176
118.27146730536477
119.93531409440206
120.87027195234346
118.70129330733756
120.40512052071612
124.34751198123247
119.36673188186259
112.87104095986572
106.90906399476584
112.98108517582403
111.20475994606454
113.60224576303628
118.84622669508416
119.24040777700625
113.69935904147052
118.45105747312948
114.36002700921664
118.51492596375228
119.60221441835898
121.3854666706033
119.9912258386817
122.24325396930381
120.95565485596296
122.44854536715457
119.7124739002398
115.84916097283016
122.37466617832915
125.91253812744023
124.46383659563631
124.75832168325006
127.11554089485244
132.44907486656305
129.2380333051714
131.74727447940714
131.11776217990715
129.97462482011997
132.7403832327161
133.22791025964958
134.52047222834713
133.00625135573003
131.27751951248592
132.0710999875778
134.77466661925837
134.72897632478896
131.32233903673117
130.8915681303136
127.20377290248852
132.16267391492735
131.51331414352168
134.81520436777487
126.15529931062146
128.35538389288402
133.000606870938
129.82128609644488
133.96630072859185
130.4971066821783
131.59264050425145
129.83990627996417
130.28863827332347
131.20970212095122
132.89514063056245
133.08163770761197
127.6493292813334
131.91098019398902
133.85304575522946
133.65985206869587
131.74132930935002
133.4636241640257
133.78048155561507
130.26179331443137
130.46937195102961
129.39777610804842
129.4785134509262
126.92611766342974
129.78930560794905
132.52373759863903
135.19248408932168
131.26013254999654
135.1768188682866
131.64164730034068
132.10039513336804
127.53002082861784
130.67677294790866
132.03207037826655
130.33957146327822
126.86429457033577
133.86793128396025
131.3485710210108
131.60432826659522
125.3235669494909
128.42241745724075
130.0291826390666
130.4567547515421
129.97027221865582
126.5923455488877
128.924548274316
132.71127577062788
127.85526673921733
130.7428366926729
129.10114853494437
129.08657458000764
127.88332677532266
129.68474494235727
126.58553428806331
128.68589667234687
