-5.4935875216289904
-3.2651198503616765
-2.885938469273732
-4.89866924431578
-5.309076208647353
-4.45986276082259
-4.609682251398442
-5.0754682886833375
-4.00900392289726
-4.422958314169356
-4.062150473785667
-12.955811500514505
-12.701125200622513
-13.757800880342948
-11.19481883897649
-9.989277305367965
-7.911825818081443
-9.428983269896175
-8.942100827448078
-8.224540593974169
-8.152852053864493
-7.144179392199525
-8.338446085269707
-8.213508332642776
-7.843286877800515
-8.312213227101076
-8.819252070875205
-7.856056364837266
-7.5806569749236115
-8.114905294509134
-7.66691695788474
-9.047746266277693
-9.144948184844925
-8.668482663198512
-8.700439493058255
-9.332908241181011
-8.958105102067005
-8.584235884686999
-8.836613132377437
-9.935420526518708
-9.229584579413405
-9.908513817931173
-12.737900134471849
-11.981877886723561
-10.741914233390448
-10.890432526528278
-10.968420250893011
-12.273393347589288
-10.602731138856855
-10.360356535172832
-9.671620343930355
-9.496222019545803
-9.45839090559685
-11.522826432184786
-11.10268272143793
-11.40033030109942
-10.591956365663867
-12.621856099184765
-11.789610452504988
-10.699315412777771
-10.990570474235522
-11.335032319815333
-8.840990990963004
-10.473282907664847
-11.616500421254468
-9.69675426590636
-10.930805782149456
-11.01131289051128
-11.884830234575194
-11.793137711293362
-11.89509158683988
-12.331945746930897
-11.287047925550663
-10.111343594630046
-13.507380687332406
-11.10606552535438
-12.822210421555248
-13.329055168908022
-9.748008181877347
-13.466117425688
-13.530706358181472
-10.498252307159031
-11.807790805116248
-10.997093399920272
-10.443341426418911
-10.481219559175933
-11.643956380592224
-10.736040353636085
-12.972664224736267
-12.809048056844873
-10.409591905090865
-12.020490131083061
-10.429350910498071
-10.749606822198189
-10.882587243846151
-13.530360892888025
-11.225754458263562
-10.986420559636315
-10.635781735345985
-10.606123177641773
-15.638797034201042
-12.816573105611932
-12.946945395858544
-11.812473956325823
-12.985235846673596
-12.639122805016596
-11.897593842998646
-12.498230659231005
-12.811136178264778
-13.363539447785538
