12.321734035482459
13.518504304038212
13.547651758765618
12.485770715796699
13.051299225097067
13.096559605758914
13.05718390044139
12.936609737798726
13.018931549586096
13.08999931735483
12.981775453323223
13.110342015819882
12.6225081119396
12.48334242757822
12.38107605453112
12.471152625264569
12.693774630657815
12.686755978801989
12.785170724920759
12.587456614858423
12.517959061721976
12.545385315644827
12.548236474834757
12.728376660893886
12.845576064650944
12.678509416612348
12.803435228736307
12.757631495732177
12.614089916819161
12.82754693306456
12.748235226275078
12.865736355738349
12.746912469868473
13.02505280030376
13.137047044937551
13.065987069079036
13.282288099767998
13.209101993342204
13.053858980464344
12.991662805061814
13.28982151154355
13.227845938066949
13.252837031397082
13.335624646103932
13.214877982667044
13.240094024129512
13.17994663608386
13.381129700286689
13.139492580135256
13.26146368328758
13.413592434263157
13.33881622577683
13.10985288921559
13.261578992153048
13.161875175932398
13.133876518088822
13.309536052776005
13.128182178677008
13.223283615210933
13.168090261692473
13.278546093714215
13.213484237185087
13.168092276898983
13.298009254719823
13.298218685357957
13.170289813899183
13.208123720758975
13.192539769181947
13.411023353453638
13.39320233412613
13.292755621090866
13.46154278052032
13.277193977412084
13.450692846713533
13.442263964229452
13.44605697633413
13.364001255242181
13.363874838371435
13.239337681027417
13.386733236044508
13.472553021443149
13.396992082494952
13.353431314606155
13.238001736423922
13.575922731463736
13.349656556179164
13.535382373398123
13.55047185296494
13.321090991954382
13.301013412826643
13.364656027669147
13.413613762477175
13.283850520212264
13.533014123050794
13.403270378756998
13.360871637426103
13.457910104344005
13.534285889904007
13.329798554531587
13.477758807322049
13.413213157342307
13.490704907507576
13.489673754939195
13.215891650846348
13.334900131419332
13.205441321600043
13.30542346096047
13.345103328034261
13.552652267337326
13.47814293546516
