126.97377340302049
151.52520970337827
149.74277892332532
138.72265644843097
141.19273538669464
142.03881931735077
140.60818455658074
150.51848650997138
150.26470750296247
148.1646099678423
152.22381314606756
154.0716312935241
140.95494563672125
140.46209996960735
145.30334973305847
145.5860943062661
144.51077443900093
151.92823672913426
152.7553294226163
143.82933283736773
147.52747250791919
153.01062326452293
149.90038135853973
147.63694942800393
148.10387874817872
149.00340988605922
150.19563013659922
148.34469053141905
148.76903132210896
152.25311796945894
150.0701556319413
150.85467909884846
152.93050221258912
149.93490967713325
151.78945224372515
152.9679018987479
154.14093637441584
154.20951168745168
154.86972187344008
154.35809862699364
154.9485432984319
152.88142983413854
150.34271315358288
152.15254713747655
152.4096115050344
152.6580841254728
151.12357662315793
152.1782746198481
151.10952927367978
152.443326865771
153.68493529842306
150.79105258803887
152.77090940838582
152.56008786465281
152.73952589438204
151.63108175765754
150.60656828707647
151.7086681494214
152.44545945494684
151.90351914083917
148.39629040825386
152.71380955986623
151.79018435993638
153.21793600511947
152.8871849203046
152.8089765620657
152.73106142169368
151.8516386508363
151.0930573196733
151.21790144044223
150.2364334401481
152.1496741117743
151.8834490128703
150.99445395092988
151.77140178773612
152.99955720515604
151.7531569920838
149.78006861153207
149.41716707714517
149.43133006521123
150.12893134563376
150.7181627885188
149.3623848479939
148.15849130574782
147.89295575460176
149.8939581002413
150.00299560267035
145.23469666094283
146.27960612412315
149.83632475384118
144.16728410169014
147.2045163668959
147.9710493465242
149.62759798981162
148.6499007285496
149.7434534488317
151.26948111891642
150.99910795445788
149.38097790625827
150.41519628672722
149.09445813149384
148.33132608843698
150.57653477991283
151.19857231005417
150.25813603215045
150.5239816558282
149.5736268027719
150.64289652584444
146.42071152803595
149.05944920774903
