24.258187168470982
27.531080886725515
27.581998084257435
25.87112227591775
26.21750511556531
25.744180400190587
26.95728560209179
26.126954299278697
26.338880854563445
26.58773624217033
25.605021449021688
20.426241425919102
16.253050826313117
20.468319507886548
21.136754508738488
22.99904506191513
22.745619424567106
22.001328780925387
24.195754446393106
23.89689951416731
24.38353661750139
23.12434977871809
25.41216438163228
24.03387760148491
24.644669233591195
26.004438005856993
27.624077634937013
25.15526784913364
25.371128670660195
27.07871787090779
25.53868891629672
27.37369225990297
25.18603142791368
25.410520178807495
26.196613078269742
27.551703947822467
24.601156940356276
27.524260384700224
27.522153841008432
27.225966960914192
27.482598575786962
27.491905049252118
27.448166386384226
27.26311712475925
27.427073840891957
27.581206734854916
27.379591019656345
27.45310509803021
27.379667026985146
27.315663029245755
27.232517694454522
27.586392596321893
27.567366492141876
27.495891412538043
27.51333361086494
27.491880363817433
27.49104527780871
27.532809160003268
27.38985924145134
27.474787978413246
27.37061341134344
27.347560293830718
27.337077629880834
27.34350170794624
27.253874585999405
27.371289024590872
27.334327730412614
27.02289501733303
27.51223283146474
24.388845239440823
27.478113206941813
27.308575597160377
27.59802942534774
27.474383569235954
27.748387659189767
22.609074321196317
27.387882121684207
27.512154505633845
24.927984746891017
27.133352760657495
27.317657842731297
27.27021877498015
27.531161063394773
24.30788251930159
27.471422107987493
27.56145457731685
27.402541743780706
27.531953969968733
27.592309726731607
27.65375698582227
27.454102384833682
27.533293194395416
27.30854614798632
27.45988910356806
27.55325249494833
27.393787678743056
27.474577180144813
27.379631509211652
27.34854674526997
27.146388245792323
27.438518084942995
27.23752585994894
27.5830134407087
27.498209365362655
27.516124609698622
26.861159041445347
23.7945892543188
27.406183405692808
27.40170030037626
27.46116791516293
