-14.088816068877518
-8.887706229094283
-8.690440066301262
-10.659863699146854
-10.618625423037525
-11.070902919752314
-10.353341628384014
-9.844079344315023
-9.799337321813795
-9.58097156023777
-10.084959950349647
-19.792949276527057
-17.658469577717252
-17.18592186209965
-15.774602012209098
-16.229669222438268
-15.880782919647753
-17.064763087677676
-15.491018689907346
-17.25951335359626
-15.220861317378397
-14.968990504043468
-12.799176877131986
-14.004923956488248
-14.355829419044284
-14.23024016513583
-14.652972622987772
-14.252861147671242
-15.697717258409671
-15.563925415653328
-15.961789509976057
-15.052625040308017
-16.681460092087985
-16.27180213588498
-18.4596432868904
-17.667489306201603
-18.15446317866962
-17.6143029013106
-16.13315804499207
-15.768584553282428
-16.68846850988745
-16.051580539050644
-14.218578974007588
-16.104438297899232
-17.552905537639866
-19.176316090659313
-19.36460666427172
-17.593547039829023
-19.369987960147537
-17.180128060213995
-17.887455971215108
-18.87507281737034
-17.90262410964765
-16.673598632768545
-20.706584924339555
-18.397439956784655
-17.985973831827064
-19.251000902539747
-17.042980316590334
-17.4883331158007
-18.378081402408274
-21.255877720313094
-20.863395084986244
-21.98996586449362
-19.98998380568343
-22.165800014297147
-23.172145399516317
-22.424272979073773
-17.27326503137415
-21.883163508281477
-20.80392982398931
-20.22981390699503
-20.60474373990339
-19.39223557369227
-20.149390855873385
-20.011141980395145
-21.060864557143432
-21.0586045861608
-19.865207980668757
-22.405796086052085
-21.46554948117862
-21.50959952987347
-19.365343569895895
-19.265598044459104
-22.017376140993825
-22.058631561610344
-21.135538111644724
-13.285064379769395
-13.533321707882337
-13.039108389939935
-13.188803599619
-12.885600201471666
-21.664235512539054
-19.504278888491186
-12.836701020771763
-17.034446295306065
-19.325312059769452
-20.05635156360215
-17.577728534391998
-13.634062791035614
-18.904955733798218
-12.890690418169575
-19.334920416428904
-21.62761877901287
-19.337645793702734
-12.865458219668614
-12.005655451999818
-11.653706000183599
-11.878308099057511
-11.710290592578437
