-0.6483661379999995
-0.4156765117275844
-0.4240909280698213
-0.6556589822333887
-0.5247387169270882
-0.4838674417108723
-0.48821009002149207
-0.8300936855338981
-0.5222120309998644
-0.49438194273311004
-0.6310435299421813
-0.9337511014085897
-0.806707412942564
-0.9273599100446475
-0.8086988117391252
-1.2250308271698158
-0.7607126780832337
-0.8144100192325798
-1.281741779988837
-0.5460084650451552
-0.7640948375052989
-0.5209574302353169
-0.9116366592135279
-0.8441731497311273
-0.4607926251624631
-0.5108271714749838
-0.9215494974538946
-0.5779982328271239
-0.555493884591446
-0.5923950076261288
-0.5927803755099784
-0.6509484820473413
-0.5237351973681107
-0.7204743988777415
-0.47291400836905445
-0.49180975044273906
-0.5188885245982019
-0.511954305758496
-0.5458062855812139
-0.49448594622361947
-0.5320275199997289
-0.47902833599329625
-0.49699625046114465
-0.48462549923052917
-0.49793522401409324
-0.49331892460341
-0.516508965312414
-0.5773258378093549
-0.5858439930946678
-0.48560002104511096
-0.48612413692489165
-0.5398899489797145
-0.5270471804561687
-0.515906452584784
-0.49144559337119287
-0.5375838626534856
-0.5076407150681675
-0.5308476678388407
-0.48692108388824323
-0.5218860156895571
-0.49312985657321967
-0.4534839039283
-0.474196069096092
-0.504342620611257
-0.5172951319939555
-0.487416261445425
-0.4464752359053796
-0.45149773957971434
-0.43419668025756014
-0.44269953187455036
-0.4433017545284183
-0.4884805825781635
-0.4539609392278851
-0.47639563107197236
-0.45151152366198477
-0.5041512101726009
-0.4445868347500619
-0.5079134187057293
-0.4719644701674558
-0.5597086139861495
-0.5526304850985243
-0.5028505342715938
-0.4923566925861615
-0.5028217572768907
-0.45989953934469807
-0.5444119846855303
-0.5044053611377965
-0.4518406754037616
-0.5262310686209171
-0.46780342944967995
-0.4782157525342403
-0.5248714657094143
-0.5121984026808855
-0.4809723904089535
-0.5223137673725188
-0.551189059634919
-0.47060307504944343
-0.49800119560849815
-0.452109978063238
-0.542812921830153
-0.47925227125997705
-0.490337410739687
-0.5100340755307021
-0.49643413850293067
-0.5397533459963378
-0.5086979165812279
-0.4971259900509154
-0.5148015798133546
-0.49238751839627154
-0.5697335636351021
