86.35786351495472
109.71513159300913
108.58531945230466
101.31352068749757
97.8105430660962
99.6330850495566
102.08631341238713
103.39200468479534
104.79057301202604
109.40890811030646
108.0926244790782
106.52916393679105
95.22528464791915
99.26061520845495
97.88908308623837
104.17803122065311
98.92438073867237
103.09546046733293
99.61673089644508
102.3828250565305
101.47676025642049
101.63055262579184
103.77978867783301
104.2752606940217
101.44953760716807
100.91675706751495
100.56212835347704
106.91419822295158
108.4806308702831
108.54425785782821
106.76451767596222
111.58257840240891
106.08423708071886
109.6024601690292
108.513747449397
107.50583290684165
109.09689999530129
107.51369099163924
108.5750882240033
101.71496041465443
107.10056940092635
108.01330013039482
106.34764263146644
106.44940933454816
104.12759104386943
109.30113001415273
106.68149373476848
106.64470453349102
109.00575283398908
108.62752105815518
109.59521092539876
108.52553341064691
103.7175868992004
108.41541918189597
105.31521207541113
102.63319781550936
108.05428612812312
102.60969843360675
102.9148962009441
102.9394503166297
106.55491941001648
106.6942898248525
106.81189318077368
108.49409323046876
104.85676744741727
110.64511092152617
108.78424367684485
110.09683191318331
106.34566175663313
109.70364933938083
108.23867316576714
108.04544026908812
108.76917372165559
107.6095078915481
105.0310619537738
106.36817238156019
108.90516129664704
106.99396534294033
107.91843730595309
105.57137151272674
108.82632462105026
108.95714876147193
107.31219380323637
108.20061773240224
109.05935498433652
106.6306968544098
99.04758788111066
107.88659461188057
103.86237540950215
100.44227914243794
103.66848127952389
104.34006761603654
102.74927055980095
106.0973733612294
102.94491115417192
102.66368367032358
104.53011180726969
97.34119153433396
106.68890984910448
105.1408135871966
101.86504942685842
106.27694402250772
106.2357987493519
107.78737295719206
105.48070585426126
106.03339096149988
107.29683323528928
110.50537342837417
107.77807748210557
109.44159100430238
