-7.3077352051362485
-3.719643139247887
-3.4691120300238474
-5.600200893757531
-5.396115588620029
-5.122993906723255
-4.280723526459169
-4.229144197458448
-5.32870360778561
-5.119789467290823
-4.829048183448028
-12.942164793907642
-10.206513176629734
-10.790550575765696
-9.836188156736828
-9.25904544042628
-10.030739402292522
-9.699569014908931
-9.60639374414161
-5.457394874336988
-5.169823198382457
-5.405193548986896
-13.044395559498517
-5.92987193274655
-5.8123264851427505
-5.445292123140083
-5.194023538306369
-5.9581522498606745
-5.069346475312735
-5.008502646195971
-5.012817995707576
-5.039491698275585
-4.685198351283597
-5.374754002716249
-4.835351689260586
-5.077600386573044
-4.503333006855445
-4.809495453659068
-4.5935342326525355
-4.843975732522614
-4.401924700929542
-4.677128677231139
-4.970985974254368
-4.614262607215129
-4.833238071294365
-5.601614625046082
-5.4521978771068245
-5.369765826087608
-5.263114538947758
-4.783464908581343
-5.592262591248417
-5.813604689181893
-5.774793745993594
-5.298902702272916
-6.161357249293603
-5.895536748680668
-6.150772602517213
-5.674658571179666
-5.9981887228617845
-5.985023288780948
-5.741560862793392
-5.5235498174960425
-5.344387635133139
-6.350391328825854
-5.824180327033792
-6.2095605147566495
-5.949521690812583
-13.284761693053317
-5.35453837126473
-6.028591695930914
-5.300514899688614
-6.116503543617101
-6.113465067351594
-6.369560884787993
-6.768562604186793
-14.208124148819879
-5.875903227245613
-13.134635627130194
-5.464389277779501
-5.863471806192173
-5.640751271925284
-4.931700673558354
-11.379080772561174
-7.258465417706257
-6.735693100201021
-11.78488060263028
-12.199875156493409
-13.441562785659185
-13.977656739777409
-12.937663882762688
-13.66680475590947
-13.833556152743363
-15.587204029837041
-13.04985078993359
-12.820625727677777
-11.313057685815222
-13.682845941276106
-12.040492664511307
-12.637269233746446
-13.869085563442917
-6.929513722752693
-7.089254614052816
-6.497757650736247
-6.882455797114203
-6.531970607135875
-12.402054366566114
-11.911380208199429
-13.153924451887658
-12.653879109549742
-11.865748685643101
