41.39959638121997
51.74332503095691
51.51731884298076
47.93479532759547
47.11813894680573
47.754361069907084
47.036946187569036
48.19358709056821
45.851888821241765
48.44499057106425
47.64715249620576
40.486044662953574
35.47414594321892
39.83548590452797
39.97800894058296
42.32269395045027
42.381008567422825
44.39628572784279
42.87729867029067
46.36329537864026
46.522746742215205
45.72364836279942
43.01788707226866
44.853517456997935
45.904932842474544
46.73636400373875
45.994005724570776
46.12550856617971
46.59820049496038
48.303647319132196
47.04335918220297
48.80853488066205
46.94986085568888
48.24798595725426
48.862917369379815
48.612586382661775
48.897268527827045
50.09938788246295
49.59401416823125
50.16500358446352
49.503264644854944
50.10978401403294
50.22730088462565
50.14970785216188
49.957008849181086
51.269849066770334
50.261851336826325
50.77239514426197
49.96513823057125
49.78976114051471
51.57120671444576
50.04278150247315
50.97363596792411
47.91091777318006
51.208574794223225
50.893337046471345
49.6782200735545
51.63830338732599
48.18783599590634
50.379207392942924
49.17239818622034
51.27589537154906
52.13337989650089
52.07496663700631
49.51301656758337
51.133464210224375
49.83948040269723
50.351366038719185
51.49261263309784
51.356676068448316
51.99555214938747
51.3604224084427
50.655538575742284
49.787925328796184
50.737472018336064
49.434340506934106
51.378672049005864
50.087653785094915
50.867906110461476
50.21896860156434
50.10860318799023
50.1609088304402
51.119235544902985
50.37935893012558
48.09722183725466
50.9841960446005
49.562450690665294
49.26769179567114
49.79481453155812
49.508761724502605
49.12820140696566
50.07694497155175
51.486607385450235
50.298309669847185
51.18836379592847
51.23682008635048
52.01095958191643
51.48222146447649
50.91426293867405
51.127865704884336
51.53947545906465
50.82578797638307
50.91303997912582
50.6445350569666
50.18546746199165
51.0170726879029
47.21431158552067
50.169511489779886
50.9647769218386
51.202493952849714
