57.97101056899319
67.28776552637025
67.9371394284214
62.09082286479801
62.420699361702994
64.8759838793152
67.70492638919605
63.29322685096848
63.78413496290563
64.04069930352219
63.54463348640024
64.45690771316839
59.66916295294168
58.20141364577806
60.33253226153158
60.49811485572312
61.993313058241284
64.32405448716985
61.476508286559636
64.02872055703303
64.18323046961284
65.5073476640409
64.01447479470941
64.26359284873429
62.2149448550308
62.617670368057375
64.78516681070546
68.21293356435284
66.94384147637022
68.1674341336765
62.8776381199373
67.4884751619647
67.86238764705611
66.63953770913116
68.78473933431167
68.21590648654048
67.9273933724269
64.5237352473637
68.60831137411759
68.34905108410555
68.42961438180339
67.99841493925386
68.66372338810886
68.68392007045412
68.62358534976299
68.21377895227262
68.79301649235974
68.73239172960842
69.37883746536103
62.92318507093915
69.20919309221019
68.47206004216045
67.85265192091354
68.86679122512453
69.32803426969305
68.73033299979507
68.17506148928521
67.58020154160471
68.07144807486826
68.73271763885057
65.83114973885185
68.48568079707384
68.5846523417673
68.48704488192473
68.87756128407395
69.37380457444223
68.30555682762814
68.71925266165056
63.05411577505344
61.005845281928266
67.59831812514201
68.29368436885925
68.0322116171817
68.81599324612701
68.69786417028783
69.17931737683892
67.38542080913712
68.61204143957212
64.63397237751381
67.13470081182759
68.58546342905422
68.39982052939652
62.29099718316615
62.77031598434291
67.87147678148433
69.07902234111228
65.52464464941745
67.43604944684509
68.10756955333413
68.33851624526069
68.6780920523085
68.01481351649738
68.06087853813095
68.39740289093261
68.45417514410322
67.36770682256991
67.32905012834792
68.57251792794428
67.37632653661353
68.9809843916257
67.86537327429716
68.30891671861554
68.6102455284957
68.28376042948278
64.96285465341577
67.03262743601948
68.19090181273009
67.41838598931295
68.06428838872819
68.26412599332957
