-0.515599372607418
-0.32963236571591514
-0.3713255340788917
-0.4791157505544137
-0.5066265806708943
-0.42753661324750525
-0.44194346153585035
-0.4237846388532595
-0.43839691631097555
-0.4498582259669483
-0.42291975490983896
-0.7519363346183823
-0.6592597648419771
-0.6948910026588516
-0.6065118618072144
-1.2051034633090842
-0.6829684338845419
-0.6440417843904005
-0.7444574926923853
-0.4566759573436194
-0.5009399337237126
-0.4140687508892654
-0.44750415321030557
-0.4572278329410354
-0.42301592786308834
-0.9790742612340345
-0.92608247591226
-0.8555429351362258
-0.40083243190894663
-0.36166605658754886
-0.3958387796996189
-0.421745841489035
-0.3753654607796996
-0.4217378769604202
-0.38929129669926593
-0.4159731620531404
-0.4003314040767517
-0.40844710874199325
-0.40308861888798236
-0.47420327970810494
-0.4253393653938958
-0.4351171815031093
-0.8499008649295733
-0.5142183776753696
-0.4373260389263115
-0.3984222267681362
-0.3854474589005438
-0.39921823516812727
-0.40200034392764084
-0.39397490423451836
-0.43999914136319596
-0.4634794315441114
-0.39352619446319165
-0.46470460226139293
-0.40113234078805093
-0.39951270462319727
-0.38751501928627335
-0.3943420580576468
-0.39799251161565763
-0.4024103382659841
-0.38668301139302486
-0.37356679221627487
-0.3959683279167772
-0.43823928008898827
-0.3867836250769479
-0.3920565956425379
-0.39708052889199447
-0.4853032679279358
-0.3879520020411233
-0.395731169399897
-0.39511084610120956
-0.4015480231496382
-0.3976045389255036
-0.7346141371628783
-0.4215944667701824
-0.6585695983423859
-0.7847308672607375
-0.8804692735830004
-1.5097293973266044
-0.5028110858548734
-0.9344363856013697
-0.6985697689271045
-0.9042065323725665
-0.9667057399721645
-0.8703644993420249
-0.6992997676277662
-0.49405324086911456
-0.8209206349723257
-0.4360750624039569
-0.446595886765087
-0.5060550347355196
-0.4665698899719975
-0.5201075730629029
-0.44814937369266317
-0.8715316049192039
-0.4620257931591769
-0.4385748913594551
-0.5336979094286552
-0.4978068926006922
-0.5136845586435007
-0.44095099515839753
-0.41101019606633693
-0.3916951293016253
-0.44240085619724673
-0.5382786914023118
-0.5150302478985495
-0.45788137652006666
-0.40450814030662136
-0.4411581593110438
-0.43335658542540284
