62.874079719311574
86.78002449713672
85.95180396714164
76.67898372033768
86.45384925919076
86.80099309164235
78.02828035423043
87.49155550191092
80.07814341893413
77.48190526669659
86.29221807219241
70.85328061790284
68.65425204892176
68.91663537388737
67.84817179830593
69.18954905861564
72.5809379255916
71.67317820521819
69.59114286152634
72.30633435058303
74.6798997703649
73.87356013877817
76.05837153510228
73.55715848455266
79.26891997301836
78.93697233204155
77.70096329656245
79.73487316412694
77.31144921666994
78.68173604414629
79.51662785992244
77.8433882581023
78.5779877873891
80.52272960229288
76.60392925407301
78.91491373111215
82.77057111588721
82.63084978409289
82.11151492598289
83.90306926590807
79.43201472638414
85.25735684982648
84.5961756568105
85.05968951878619
86.37807998841355
85.66817349697934
85.42481013743057
83.0957887516036
85.09203992484373
85.07246723714395
83.54445457082299
85.16748987016756
85.0904334608281
85.52733335343277
83.80954897008718
84.91070616500885
85.41773763342077
83.99098263254453
84.46564361935286
83.05217096447569
85.97483972257547
85.14427247755674
85.46627522071958
82.25742750136833
87.19080107605615
84.49960251056184
86.52097549532459
85.25644069292393
85.82261253608355
84.92168642906401
86.7422055656311
85.60942973731477
84.85086683562547
78.44448378707457
82.76955003434581
83.73360292039348
83.00202076137039
81.47825419248039
83.41340362549866
86.4829514940119
84.84508288929695
85.2799373615473
87.41281581960229
86.89220744324871
86.28381757250992
86.10762669415777
86.61786608448423
84.75102176631486
84.08823213043354
83.99329085443809
84.17232685981115
87.21583923531455
84.91350736747407
86.50267465642955
87.10597603400754
86.09159916524906
87.625548328456
84.64571103156756
87.36895830520935
86.89677732930396
85.94626055053536
86.56283415441213
85.63196766236905
85.93115958200937
85.23604850052419
87.145522509742
85.74208911841025
86.43675341963298
83.61286792585796
84.73139727244778
