12.933928880753397
14.0228288151789
14.131339670664087
13.561661690508112
13.497543911616043
13.755931073778838
13.160045193416932
13.462464817488469
13.441801429763327
13.496912672644946
13.549629321017244
13.66263415707653
13.281312660540593
13.159071813284118
12.936538759895525
13.322148513098204
13.247328605027638
12.900251013554449
13.10794860618426
13.2903086399017
13.398426341097677
13.302711160598836
13.33019806050186
13.501111949008573
13.461561559456152
13.431814228109646
13.719735171684441
13.615435619849132
13.76981851122556
13.861231205410041
13.621425947364166
13.69104559332816
13.798086656060851
13.652872521490012
13.731917963896317
13.799752672036092
13.716550151984157
13.861867823585758
13.736558310199024
13.841079704437835
13.907610231792924
13.619680497662236
13.958064350194672
13.932412438625654
13.85014171972466
13.844563820892414
13.868412990372113
13.911946814574298
13.820944368045895
13.812562949375291
13.866664738683442
13.903366617629024
14.00204962821769
14.00356153099215
14.0401043427339
13.837310689812877
14.002763841217167
13.880415707630238
14.012458188385267
14.029493382354797
13.899586694516817
13.821639749967794
14.07374980630407
13.935605149350224
13.800453365865797
13.96777469882963
13.88654347470564
14.05701825277986
13.953227928827086
13.910491202182188
13.885054016934324
14.0071986011248
13.95954127759705
13.895488886229892
14.00326230158609
13.936237140459488
13.794966931320731
14.010768619120045
14.032563702685897
13.917703019267034
13.837935094657693
13.988427642723797
13.674691896264415
13.920665248658493
14.016726972540097
13.905171330678217
14.067040041067726
13.83781896614391
13.983632802154883
13.737256005974054
13.968444697409245
13.851137043542426
14.008013446543348
13.796027242897756
13.824882572404235
13.921834669472124
14.10948400412772
13.987819428458522
14.09341225619624
14.051070526680633
13.938684477084534
13.929891699950353
14.143623640083495
13.92345007050448
14.094857904807396
14.060509723633167
13.90646887685891
14.076527335484869
14.033286045259882
14.115791476156843
