1673.3120469747685
2026.7768040166068
1994.1214336523165
1881.0406281882883
1977.0515550956527
1888.2548193779387
2031.7132812009438
2015.8321414271145
2006.8104880281414
1895.3794630207615
1822.61562246651
2045.441881590906
1958.5546829433638
2030.6130001953788
2007.5932691198873
2036.597263258604
2021.311907393853
2029.132700572684
2050.9156251618656
2046.4772097434152
2035.974541727672
2016.2058603517892
1965.1466695840877
2044.9862260251105
2053.505475347064
2028.3102703390848
2033.8554260291514
2029.092151521841
2055.9232396555294
2043.951678925882
2043.4859978346155
2042.7630554380942
2052.798320356553
2057.3877993379533
2069.1097609290987
2060.758069855164
2085.84249182684
2086.921753387307
2106.7329577409805
2098.323958494582
2094.7353152252854
2105.5509554796336
2102.183259884647
2113.096065904426
2118.0087015885238
2112.2328215538273
2114.8996324450018
2118.01211881313
2112.3604502987987
2113.70545783104
2114.6091009421025
2116.306239289392
2110.244547815049
2119.951835493802
2111.9570541738844
2117.5699092470145
2118.9017765171716
2119.1037655422747
2120.538224896989
2121.18315099859
2118.2674206314064
2120.688213612754
2122.2098683301883
2122.167417516338
2123.957499653704
2120.315128639882
2113.3355561642807
2119.8863418082587
2120.2067951485537
2118.084776871452
2120.8749315422388
2122.0698728413454
2121.2310918046487
2119.85997687531
2121.2001466864135
2123.946380369149
2119.1104085571465
2121.4007491107864
2121.8033760645603
2119.646815786586
2121.7492323915176
2118.871090214624
2118.4779166095273
2120.340939676203
2120.5370456118976
2120.980830425691
2120.784586685585
2121.531171536776
2118.831138114995
2117.177481883748
2119.1151852424136
2117.925415766577
2118.0484633295923
2118.957609850533
2118.778160379316
2118.658655573385
2119.858904580596
2120.138646587516
2119.3421266517444
2118.811943379339
2118.265324877399
2120.569265964842
2119.558296269969
2118.9518905068544
2119.3417880910824
2121.216246739976
2120.9311731648163
2121.1875362654055
2121.110996856614
2120.3442782019733
