23.75896725007603
28.188302975757832
28.4005495645175
26.564687288916463
26.445875862833645
26.721565407231513
26.552458234440575
27.13017654510736
26.21323912901256
26.94352223099383
26.638087700276447
26.605652699633286
24.793088226184047
24.740319682375947
24.299710583850345
25.55492019951701
24.986952576143207
24.976117571500264
25.37659250191028
24.729019957867514
25.192569968582724
25.49981351362109
25.43508272244992
25.537406020564543
25.213087344221314
25.227914646907127
25.242367819533655
25.312336804274718
24.932258995071123
25.322969935518664
25.292413646146954
26.682937400281684
25.91700936570712
25.972554582407078
26.059655230294954
26.618880227391568
26.601797686241525
26.99564412382515
26.81688560659471
26.491405119969265
26.063183043283097
26.26198581815483
26.927211028655066
26.429817979972462
27.050379284285018
27.55549017857196
26.222602197792384
25.927718304553437
26.446908172771952
27.033258256026965
27.870507725195413
27.115186817852088
27.025766708953466
26.9591218066163
27.035570796172227
27.656953042020028
27.116647022800187
27.14897662024468
27.374516806053865
27.58000745008158
28.173526691481957
28.239484081665776
27.24049040980049
28.224440633110323
27.91401922247175
26.720690345215417
27.273930439512327
27.85772650671076
27.66020628926781
27.070584663480247
27.24128208654977
26.860924192617173
27.68088568289601
27.13930579131595
27.881544274436603
27.807527772978602
28.104696061574913
27.979783689965515
26.75678580301873
27.80340940210011
25.954697718261592
27.496161942762527
27.170427326736963
27.31597149544139
27.332763566121198
27.28967662745931
27.665687325498663
27.170315754005593
27.265351487207802
27.716682444407436
27.18380019714571
28.015033689983625
27.82811975942774
27.73486589767123
27.754668438524366
27.97822518953066
27.88210213234646
27.413869541851362
28.17804304021953
27.992722614647587
26.953154090807903
27.500356115406944
27.5792611915695
27.36874200066232
27.679148984203295
28.006989929177994
27.643187849789562
27.860044492031133
27.444069161828306
27.41900075646532
