24.69135078333983
26.90926678717681
26.88480221190032
25.655457976183566
25.699373844026642
26.045637243486322
25.739492741148513
25.495430052717005
25.770729032862597
26.266488047958163
26.022277057860823
27.262979808309943
25.448499621062997
25.911362014616657
26.0988854563945
26.463156088027496
26.12855132459168
26.31757355765637
26.509350611087907
26.494460417520248
26.65727355434803
26.687618417765133
26.41910241664486
26.664663124568865
26.704741567119402
26.50114297286437
26.399294190377535
26.80278371865925
26.88237536492948
26.80998836485676
26.90276986983821
26.596271355892704
26.738826898915608
26.8780572664766
26.7752185146608
26.619886376093277
26.71217520597681
26.751455855605883
26.826265274263054
26.16946033436351
26.483728626760502
26.262530657054075
25.966160104865406
26.64346250811828
26.536496522772143
26.457382822035065
26.639254978772968
25.806607407380042
26.573948236114884
26.561791353684086
26.781882977893023
26.856843049244624
26.426652581796162
26.68689004602456
26.77807531859317
26.708360704242313
26.606290343307023
26.692479057131745
26.457015479923395
26.60046899806477
26.699434128700883
26.656686019459023
26.819019736660543
26.710306433732626
26.6892667377582
26.807888885686943
26.78634947300017
26.600106939185583
26.68012671792626
26.420087411557617
26.642722350356554
26.69509138996234
26.69767936440947
26.41575206995537
26.41149214139956
26.33460940701696
26.173921430623352
26.303032723698376
25.594290989746746
26.071678833285727
26.57827113845773
26.509149168274224
26.062582576122853
26.50256042075015
26.681014788190375
26.61371833531831
26.55125376770719
26.37174450882381
26.487728103185297
26.378915496384487
26.48932417613124
26.45173093002429
26.0863939119014
26.27834369994211
26.51375510513363
26.636569647058845
26.277753903673236
26.56719309823343
26.132325946748118
26.23673426041299
26.05063054476918
26.251422010638898
26.38614082706755
25.986728552197086
26.04843428186364
26.01347790842463
26.299890917401346
26.081073644374726
25.850576105213822
26.033495807448038
