-0.4147290161823844
-0.28193334431340533
-0.2655639724212654
-0.3351277338843827
-0.38184501579931573
-0.3343320972689114
-0.30295515092330355
-0.3006663906016912
-0.4039796667421821
-0.29718700450635066
-0.2890823236637593
-0.43563297460730555
-0.27650660526819687
-0.47626479900758556
-0.3580611767450541
-0.2971830166178697
-0.37894367828595166
-0.32065255223209316
-0.2932706923144874
-0.28709456299029573
-0.33894184472199346
-0.29469044201581623
-0.28758482516308687
-0.27392170899730534
-0.2996283805761606
-0.3337511467415913
-0.30882282783097903
-0.5693660168295598
-0.3468001210062749
-0.2826685538399188
-0.3130728383995137
-0.2969140905793261
-0.3913575469482631
-0.33270283918960664
-0.32282833483279855
-0.30462205212873644
-0.33103815038370243
-0.3468826460520378
-0.305037755430819
-0.2791779416212479
-0.3016958939576576
-0.2896395699599387
-0.27638007360429256
-0.3099176763526248
-0.2989990426832123
-0.28882177678439963
-0.27691033179364993
-0.2911002898939604
-0.3120349384583197
-0.3033700249691846
-0.581508785083613
-0.34549581399554863
-0.33420757717555577
-0.29226994164265296
-0.2925762970236354
-0.29992398171452483
-0.3086813355558923
-0.34927484356874655
-0.335147168213024
-0.31751592954019775
-0.28050446797526674
-0.33862920750311043
-0.295853841336662
-0.3250470628724156
-0.31598854405968574
-0.305979797309485
-0.3000771161467818
-0.2872503449626619
-0.3021496677930926
-0.329776888007962
-0.31032938602839455
-0.2886251321581081
-0.3080853434999005
-0.39334731695276415
-0.32894823165205267
-0.31421001465357573
-0.3236141960544018
-0.31196236838664293
-0.34509630414499837
-0.34885526390360744
-0.3144519370887779
-0.3331443228548307
-0.3322766653743784
-0.30653644903713684
-0.35261987005204576
-0.3437961722128511
-0.4051934116621529
-0.34192918061942057
-0.33942749403941275
-0.31394504567334053
-0.35936325661095986
-0.33856311291585345
-0.361210397510425
-0.3847977769026268
-0.40618411783985303
-0.3616931979239152
-0.36052824782577286
-0.3251232884964914
-0.3334735967749623
-0.30669809725314695
-0.3275446436043051
-0.38544767718613526
-0.36466748098606394
-0.30543913091863056
-0.31301589236888316
-0.34077204074374345
-0.3454289342275178
-0.32165447384206963
-0.32311701483303223
-0.2854983365934852
