127.34516167735929
145.42208682994837
146.6833102304548
137.07251118415934
136.94358798920283
138.19698861569304
137.26624121129154
139.95674458390266
139.98417836808827
141.1413804865973
136.70247541393258
141.22479467566734
132.90263097144302
135.5468403603818
132.5413817989046
132.2281441771318
136.94024167645614
133.83890596526194
138.41127174525903
137.13404521624597
138.19407520448658
136.11233112983496
138.2481884752511
136.35112350909404
138.57867694168928
140.27215422067292
141.12237731431395
141.4041406576849
142.81272625833827
144.40392430364605
142.22391336467152
147.44134320274577
146.56061812934388
145.27171762586153
145.65703081465594
145.00209091647775
147.6571450722488
144.91907353859168
148.0659539903873
147.91497048302048
148.954695114562
149.73426785632213
147.02047284589315
146.71461885520208
149.1525313643355
148.38624030909259
149.10764773839003
148.4159766232334
149.28365223837577
146.61649186429807
149.45499602405832
149.58940641231123
147.17876148659096
149.4798002777182
149.83719297177873
149.2521691130002
149.2525679285187
149.5969618654216
146.55205113679014
148.42113718145524
143.54702929503588
149.49094500451332
148.91694789154798
149.40253459013041
148.539840805181
149.18175868475745
148.10047003807125
148.9909495072951
148.55069050484923
146.8060184840088
147.3844558232061
148.21691542299246
147.22808807107737
148.9258453574672
148.09307405875813
148.05779477627473
146.80423982676527
146.51041414450185
145.76697886350505
146.384293647022
146.66690889462384
147.94020783781974
146.22547034792996
146.92898000670766
147.04373844352415
148.40405248181256
148.27950582481148
148.3453594411957
146.93010199688686
147.17939017308416
146.74760148401523
146.14198760676504
146.23159953015414
146.81111517141943
146.5910916259541
146.9505485648281
146.99519866197355
147.39710675502326
146.78606274783397
146.8294105040933
146.64173567240653
146.66679540972993
144.72299418175496
145.41931422355583
146.12916116553743
146.60233063945347
145.5125390026657
146.4756718321155
146.71736477119697
146.49388848000368
