1531.8779348527376
1899.3394659341375
1891.2507262680958
1719.7670755127908
1765.4830804449093
1791.9540523801354
1913.3912508280982
1906.6575046663252
1884.686297981733
1912.0276100352926
1872.4285682844707
1913.1707661085009
1894.9160910738353
1905.5978683860824
1884.462527112721
1892.307112157093
1887.9974528542703
1891.9389941777863
1919.5756454265975
1872.4226813813932
1875.9923216622317
1908.4475827961398
1897.9286959532576
1924.811277362696
1901.9324895144475
1918.2525614270178
1828.0665481945887
1899.8429935668655
1921.193572447787
1912.9066369627585
1913.2855358797246
1908.489220500299
1943.8266918445881
1942.7288281713966
1957.3683114779992
1952.0711751776369
1947.7086613900144
1957.7775576473973
1975.706928111589
1958.9924024039592
1969.8232177364305
1976.6694545071302
1970.8778372449437
1985.6220669863872
1970.2599291866184
1974.5944835526145
1985.5859498525235
1987.4107571877123
1991.0287304298506
1988.5972678773994
1984.971128158239
1990.4934775627514
1990.386891452092
1985.181446290234
1986.4622056614119
1990.2293851436261
1981.4937498525737
1990.2971067795543
1988.4521168590893
1988.071337787468
1989.7792622072648
1989.0623457762492
1989.2123795677348
1989.2030885363567
1990.0980371745623
1990.1598185008093
1990.1331965239608
1989.9539065341676
1990.0252637807926
1990.268882282714
1990.3546231325038
1990.3157792349054
1989.8091138743216
1990.4192953740815
1990.5136305263393
1990.1028657949414
1990.4014549817828
1990.2547131256088
1989.8773530158921
1990.7978937306593
1990.457716143502
1989.2075477475194
1989.1243418770457
1989.8386253481
1987.132132039984
1993.4669333168497
1992.1358003196224
1991.2151796391859
1991.287631146438
1990.6929852798232
1987.2826427665516
1987.9448069293542
1988.3884488662382
1988.5156468131158
1988.397031432555
1988.7053278124333
1989.1996370021518
1988.8335825830834
1986.5147166640097
1985.5910604969142
1986.6116623698124
1990.2998777564765
1989.669628964946
1988.9622441666847
1986.429875271813
1985.7856882093486
1989.3302120923809
1983.8765155151743
1987.7655275438387
1986.5415770870216
