-11.3194403848217
-7.497602827159386
-7.511591008144047
-9.0856940628487
-9.556326309051094
-9.2911756719504
-9.186247291154638
-8.310928463045494
-10.264593971705311
-9.617781803386226
-9.195727549797224
-18.545993288247654
-15.720082769948323
-16.91664802659541
-15.41269682854099
-15.787276441159822
-15.728972369664222
-15.031513479353041
-15.632647106060897
-13.067113744746752
-15.001990440851667
-13.367367456728998
-12.876706228701886
-14.51815163006568
-14.72756109472314
-13.683680499335026
-15.154561829427012
-16.100698670529226
-14.079176308068654
-14.059674516225213
-15.096247001044672
-15.61046303221596
-15.101827114568286
-15.139853227873779
-16.990899698692328
-14.849707038034031
-15.163347700261724
-16.4129286932068
-17.01043261989024
-15.419943362367809
-16.37120511697331
-17.510771970657107
-15.81671587922905
-18.54735344391596
-16.370069598585314
-16.96190780982334
-16.153685695073133
-17.118240124263178
-14.218681611853855
-15.626709584706768
-19.02355776939679
-17.97443641669066
-19.434991954601973
-19.833693823279404
-18.245083662927367
-17.252746436348335
-16.799128691864073
-18.47397051323018
-16.495139103720334
-19.26224987801677
-17.959425418385774
-18.819299215869275
-17.21801975263802
-18.132776599906105
-16.398826454364375
-20.400099374341906
-18.488690784619653
-19.40920477599377
-17.596064782704307
-18.91216476126786
-20.54804114743739
-19.17764395678875
-18.733645119256355
-19.62230999666871
-17.345576605178273
-18.416307031915473
-19.86149320245035
-10.246574301854602
-20.32303568166102
-19.14146217184061
-15.995097561992226
-20.404480288713486
-17.504342383757372
-17.958102244140502
-18.306734301280045
-19.065545919595518
-10.388926086619813
-20.991678246058672
-19.8962049973514
-17.696523089984524
-18.430606989114054
-20.220051583858993
-17.83781803398115
-18.29480775194628
-18.578454517328943
-10.635145706427577
-16.41683117474709
-10.904709140752775
-17.9770013136314
-19.96806149345953
-18.555354021026645
-16.762349311204726
-18.221602374540453
-17.465359118635778
-18.772039690319172
-19.09591342918583
-17.704856175052807
-15.976854637199597
-11.298652593096989
-12.136999238063524
