57.0301517175369
76.15796787617127
77.81174466338344
69.50171975911229
70.64673607288823
70.70645965294406
71.42369378931113
70.11239900745828
69.84561132075038
70.35376999823875
72.39543130237116
62.147024954876585
56.36767462312078
59.54496729314982
64.81150512400177
61.511395978709864
63.90172593615266
67.20623382820658
64.76642646216808
66.79549597831533
70.43032683282213
68.36731718739537
66.5532235059667
71.64054422777403
71.12543753878855
72.59669681875688
69.54336280542537
70.02906074832192
74.64384587406077
74.72609099369834
73.94468464839552
76.32931476373348
77.23572538471204
77.29913108141186
77.67322254147295
80.21561241665889
78.48936371709344
79.41587037722643
79.94420393712458
79.92839124797493
83.36890231371011
83.471376410323
84.6130172370208
78.2751894246664
81.00462264896522
80.61842181670065
79.56473111928278
79.88109769874583
81.71208271085361
76.89767113289581
79.95534934497545
78.77698002961093
80.67727925074269
79.36262723652304
81.6517695521269
75.83436006213489
79.60196298520356
77.14309021531083
77.72591077304443
77.71108566920279
76.47014039288189
77.74201102038457
74.27147063921964
76.77440714186869
80.978959672563
78.45040563346858
78.87097953224554
77.21047860239864
78.31375114732442
79.27175738852372
78.86706613074871
77.75964417252807
81.12128563091485
78.62007721622153
80.1086925034714
78.33303334735069
78.00887975914551
80.28537261390218
77.9801215007878
75.5314548689013
77.48778796218474
77.1223795591127
80.7444659141419
79.00077804191734
78.51642599518809
79.31195870719317
78.86415439024267
80.1396380557796
80.5483228796492
79.28837781501238
79.0788650380308
80.66327131060186
79.47201476164489
78.28070837788002
80.23001782056056
77.64777178933085
79.38778661348968
77.83978148601166
80.88171681349189
79.65533270163047
80.62888226165265
80.34681651895733
79.34600069486584
78.37347160181396
80.10165452259284
77.11866827941192
80.06720441628053
80.4660461422118
80.4607744094756
81.39736397810033
