26.144036122308965
27.849445615133817
27.912429089912028
27.037627385483272
26.918591197422582
27.91462752433997
26.75017095061737
27.124370914510372
27.634274591868827
26.786001568896918
27.241983999475377
28.058320171379844
26.556874344309747
27.22920924304402
26.980236020124035
26.827120615184455
27.28563399185058
26.647338902537413
27.32105712750668
27.719510587940555
27.801219900280948
27.71599146038617
26.910878942635605
27.81360534147954
27.744441668175128
27.96442588894132
27.660905750874505
27.09570237986666
27.729683232030784
27.709214960970424
27.443334416293897
27.91264867161474
26.9975869331001
27.397709345268616
27.719694153512112
27.51022842923147
27.697937428314187
27.702077287231084
27.574355594055174
27.905140927543012
27.860645037818273
27.799411102674277
27.68113121895359
27.63077609588505
27.55519243555001
27.72858122588598
27.74464097851688
27.593035265195667
27.776631546553883
27.763422564723726
27.745072718343593
27.684357094598536
27.79994673330431
27.545285160785216
27.85056310075405
27.7860459031394
27.642950161162656
27.66636962745602
27.621650563728345
27.744520653987717
27.783457757521564
27.534654819609138
27.615641982245737
27.506319186591888
27.264265282454797
27.059099717596155
27.66303573535692
27.4610431491973
27.593478861031745
27.81253146816955
27.32341126846132
27.600556227336213
27.84586246499671
27.492812543171087
27.897378025119
27.439251016015078
27.743747681733893
27.50726443968922
27.590033406215305
27.338116508069493
27.6303402102211
27.56480660452724
27.233176852962067
26.981533347969116
27.2408863027685
27.302494721042983
27.502117043415947
27.366100193588068
27.400182245608264
27.184322181730945
27.3044038460332
26.930802799257037
27.31363503095065
27.2489558971723
27.22928211052347
27.123187260364528
27.433112199416417
27.31602616164014
27.14195399559557
27.363567561619632
27.38032606019829
27.457861423060784
27.12762473791917
27.456435619266088
27.459434223650316
27.35604489151112
27.357527286242956
27.13405128603903
27.133300426567168
27.118543252445676
