9.414444384082497
11.798674972202019
11.816688111463925
10.546034212687672
10.708323268388828
10.982908250456969
10.959752383374402
11.05895105922251
10.893195257677052
11.001337370186796
11.029903730093444
10.028078009648356
9.53581938351843
9.41048359498026
9.724241225819135
10.060449995806273
10.246714364441914
10.050569236158584
10.619601366303437
10.34746883136576
10.4411666015531
10.32328293385239
10.540304608502185
10.596252990523256
10.449745340947356
10.716098531885882
10.88099638467535
10.863298133610689
10.649894430560762
11.241420442385785
11.302669959727444
11.272225787517174
11.221047503950274
11.216591731074011
11.225285037309494
11.233621679234643
11.391814898641249
11.679973172756164
11.725853879707735
11.476318145079011
11.593191443719828
11.614446173229714
11.583123291918351
11.858934549923479
11.592266211676808
11.482472411204961
11.302796616538249
11.817691198455687
11.682923091288895
11.57824478239368
11.677231445804493
11.402257512764912
11.358963300577411
11.501816706117113
11.049404266914
11.682840285314422
11.688741476380422
11.784149193807945
11.59255366320953
11.803963220378792
11.75856063531077
11.492744674523124
11.468226171825954
11.560866823661543
11.167067608818568
11.450459418179909
11.846273549650581
11.463731012988944
11.24405767488101
11.665858007547731
11.67254136111554
11.626173081917706
11.294793940174802
11.300128707955952
11.727541679907668
11.844202163413419
11.798845744020792
11.711777470992386
11.79589956618342
11.650497380491583
11.61404598541436
11.507950466152662
11.538762028385532
11.379032929402694
10.775048419868616
11.225917512044782
11.69766686340583
11.241735678144117
11.494172786087077
11.67896589479429
11.2466956577981
11.226616674543433
11.164512489793138
11.364742153258074
11.327626290269766
11.571682394530432
11.031129067543866
11.347574162054311
11.541230857525926
11.283518962801908
11.287782211795536
11.298574198686305
11.407878128422842
11.369771044470225
11.566272867808063
11.446431191852122
11.23212958798048
11.520505657184291
11.31131665520207
11.549272218043171
