-0.8872177736816556
-0.4035516345227559
-0.40163676153909084
-0.5364511241269104
-0.5678624004647239
-0.6389519784801613
-0.6312032480522519
-0.5650362765398996
-0.5821720050364148
-0.48663817604814236
-0.6185556977627369
-0.8094564739322987
-0.7102336824199934
-0.6954190377075559
-0.6468078554446223
-0.6247040338098705
-0.6483188153538628
-0.7703430648093861
-0.6962964119156232
-0.613438129046558
-1.012488297899103
-1.1212729885798571
-0.7542372888420282
-0.6670515546930001
-0.7701669483284077
-0.47339908508097694
-0.5259200737503796
-0.5382847547005061
-0.8423344977147301
-0.5008274528795127
-0.5653621625045031
-0.5057534843586271
-0.5646653829875924
-1.1468512015888697
-1.0752295416785513
-1.0381088481196896
-1.0274315665226792
-0.5507703289972364
-0.5934929952907705
-0.5080540671989578
-0.5479671089568062
-0.5137003992402466
-0.5089823355637776
-1.0291764978221754
-0.5312785721193233
-1.2332121930260826
-1.1708583589000896
-0.8279319484115394
-0.633746233178208
-0.7749077987851983
-0.6346319683081333
-0.5716757057711896
-0.5735558296605737
-0.5678976653020643
-1.2304041619132036
-1.3030150453563951
-0.9823236922513726
-1.5107148253536442
-1.0759131073451587
-1.4381169779129093
-0.5670300122761667
-1.0393002066193522
-0.7487719162699386
-0.740407820924506
-1.0970601610266926
-1.68582034517545
-0.6635720468112524
-0.7812020547734398
-0.7196391782253005
-0.7456216719887676
-0.7469396351459594
-0.8354670697215049
-0.7209866405498309
-0.7437702510034032
-0.6695632273415296
-0.5770728170027796
-0.6247106337322631
-0.6367425434959758
-0.5858077439291023
-0.644066637624934
-0.6274552783569793
-0.5574701396542101
-0.5964850570838807
-0.5968565666751607
-0.5450559384194509
-0.5770043596528519
-0.5956661614582323
-1.007503343764411
-0.5749795639825926
-0.5594629975768282
-0.8627776922788791
-0.817260118333423
-0.5251135718318066
-0.9313825522861297
-0.6287617950027357
-0.5370512037366351
-0.9856061466040265
-0.5149177829909686
-0.5503579480329133
-1.0044080318420927
-0.5901734401017156
-0.5790004739234407
-0.9128339640496432
-0.5566351695891193
-0.6752855038448136
-1.0227743520990642
-0.7498117675960714
-0.637446216973946
-0.8634225644738122
-0.5434771383293554
