-13.302155016261189
-9.739535916034562
-9.931153925270669
-11.077349557165613
-11.173516419018224
-10.49539640116694
-9.875910203450971
-10.585692047968415
-10.717365999168068
-9.53097231538176
-10.5973127797733
-19.662599028899145
-17.49912602085703
-16.91163466833421
-18.786258258492072
-17.22161450335501
-18.743892892237387
-12.308627098127008
-11.407053850590914
-11.51705221590238
-11.357539577563731
-11.26848746663771
-11.913782683423527
-12.413003773085993
-11.738476418174766
-11.736804922546076
-11.84797585706944
-11.236928571482203
-11.34753586320605
-11.780536876155928
-21.07986463306196
-19.278913019641873
-17.540626552542133
-20.9769926901464
-13.337901842878889
-13.291929063306538
-12.96188786919813
-12.727391382993597
-12.51223784024401
-12.412816098604708
-13.423547053736693
-12.480376218990909
-19.929487697446877
-18.49472658177058
-20.5039581373396
-21.071502430870886
-21.282663934042727
-21.74868147109954
-13.451406691414162
-13.16417854748897
-18.8322308984978
-20.225474533955563
-19.437513488224276
-20.818855146732613
-22.72850001270083
-20.134104684292982
-13.970266575856938
-13.746238444015425
-15.023772109010517
-14.711285520548369
-14.942872875953249
-16.0654604419627
-14.929557243990972
-14.182836836759561
-19.619751815198974
-21.412571532754317
-20.388689375052824
-21.638295197993074
-22.255178617954456
-14.232960313500291
-21.47882439021135
-20.935126143610287
-22.80216697085829
-22.92022193534532
-15.533481352738926
-13.522059136258427
-22.70144080086776
-22.209192689490887
-20.59822787329023
-21.388501080280065
-22.349777721106122
-20.448035672731848
-21.218749325019733
-20.782325784535573
-22.63589940149758
-22.81015496281566
-21.505312829494592
-20.51888546751556
-20.74936370529724
-20.352685637269474
-21.76849807567376
-21.977198900780976
-21.229431021622478
-19.799099819871294
-19.36131918328004
-21.393225575633977
-19.77430598807399
-15.748455789550288
-13.963041874674937
-14.1302968167643
-19.914801703287026
-20.744140068324494
-19.456648555970965
-22.206508689714145
-22.067383393928278
-13.906891619224869
-20.5802365082556
-22.9327248028087
-20.465057085651473
-21.62368323303643
