29.329937446217162
31.690259240341295
31.708784546423963
29.86703582352639
30.916504213743256
30.375500081809047
31.006171147247912
30.466398824134373
30.840489096034947
30.34543049999296
30.504557130437146
30.945699722082352
30.00071091668813
30.381770906995097
29.313944348817145
29.964739227437
30.62519088871721
30.86523548362432
30.660961539832613
30.48667450738768
30.76529754621649
30.77539866964309
30.36861349832156
30.815598002267798
30.73068341711189
30.206684641050487
30.89371083315272
30.677603596840637
31.156962793200393
31.381449142440687
30.984540904641403
31.349384042250424
30.75907674923409
31.51224817841703
31.645320107679407
31.381207643397342
31.493675688615454
31.238477240559174
31.17508000590762
31.22314950315034
31.33851412225982
31.32969325197852
31.800727131487637
31.552648911096657
31.662482357373054
31.77054720190243
31.698308522732738
31.674441298777886
31.682451736153695
31.820402800974733
31.944387443262887
31.671883085568517
31.75367606119312
31.682767420995184
31.728860733169512
31.857743110008833
31.407703682725366
31.728999729611992
31.269491601267305
30.918542830747427
31.723800308341048
32.01844808094701
31.903380260776476
31.92483732573318
31.52276733130154
31.782145016406325
31.808974895905518
31.36893034595019
31.626548801261706
31.762360227026427
31.93053779746086
31.791439344125692
32.17231086719743
31.774651535827488
31.707124845348883
31.922949699762082
31.853781232926586
31.734494242910376
31.794449576855925
32.04092259172783
31.98570337539766
30.868077196110914
30.9240918033563
31.709420896266085
31.714967783217897
31.741688922603796
31.748067485553044
31.80657335182908
31.807622216334444
31.695959921792134
31.740115848269927
31.845515462957575
31.622877416826327
31.254525702423646
30.868073773104637
31.0611756035903
31.54746666778156
31.70491648274383
30.93198468205283
31.62232800699636
31.845655750029152
31.57752859633055
31.736760289745614
31.84262009718512
31.819195480464806
31.43714064225864
31.609247215918383
31.872177645412343
31.995806652252934
32.09328807662708
