19.796867608805393
23.325081512107104
23.356752827019307
21.480646767476912
21.58813990941656
21.089779265452073
22.839541850958717
21.922928291715643
21.853011892531715
22.153712482293976
23.07809350103698
22.710563438675674
20.75658349160222
20.37728531752716
21.327017353012135
21.489110923497332
21.45189047479906
21.05640595679115
21.892982835033422
22.169849843086542
20.86883556698652
21.454839576483977
22.18122144012461
22.78406536692452
22.044165907371642
22.022117595284442
22.264564638529215
22.639326415377585
22.669949253055123
22.508939752064766
22.579671000728187
22.67210419400307
22.607926353147835
22.338502839704166
21.733376860087485
22.591005778045297
22.28838013668675
22.47391552911914
22.082165289725086
22.121195325080308
21.246089814722367
22.488585210618503
22.18050270131866
21.955803829896244
22.409796770333404
22.353939851793335
22.398342921370066
22.469939236468136
22.304939456519822
22.12036118243213
22.263211178933023
22.322481281346437
21.789186680166125
21.80887333677501
21.98101384359483
22.413689369904237
22.244312448135386
22.27342129819014
21.85052723854809
22.374786033586812
20.8579652645166
21.73109114454956
21.205440506850607
21.648353187952974
20.640494454954663
21.360486260081064
21.611664298485657
22.189674813719723
21.150775113861094
22.138851928971214
21.835722960089633
21.48357690436315
21.753297161343486
21.56435637861718
21.34308304332467
21.745486734689774
21.447134462691867
21.690072256172446
21.89660400768823
21.711606774372434
21.95540480548015
21.849928368446808
21.78729744960612
21.800165291122706
21.604846403117588
22.131113865735244
22.13755711905067
21.510381101437886
22.050216987221063
21.876597819924893
22.314252763936526
22.093745130960503
22.238773347310133
21.99308969862087
22.039687723467168
21.58636430315803
21.568978298010848
21.87843246233152
21.28846688948948
21.006166583944193
21.46738834504134
21.424417900085952
22.069080716451477
21.959820926564376
21.3684976062769
22.091570505819803
22.144654738135102
21.908702343042766
21.985746403732907
21.415102038172936
