149.48192093246283
176.77573455486174
177.46572468834475
162.8069611528659
164.50900062840392
167.72781662356962
164.17679620431093
170.5262463050436
168.82409479848022
169.39669555512253
169.38941597866759
172.69640349612104
164.67774804120268
167.49233488186164
167.8393905491398
163.22075801079868
167.8819476199343
169.76151477672167
167.98318286470337
166.8269995416284
172.41783359031763
169.5117548815124
170.01197883162448
170.03554248952256
174.60782405756112
173.4932419692858
175.75060389377657
174.11291920756128
177.81591822729385
178.07251361290488
178.0436564762279
177.473502406823
177.04497376849076
175.9184682701067
178.72802350160336
180.44382313077335
180.91370875891425
179.3309715958189
181.35485037709157
183.7448098462058
175.5384349157605
177.9543709227437
178.7711180743407
173.72641221854067
180.06946119079876
179.57248422992524
176.340490547539
181.79225052649585
183.11934278207212
183.94279553679328
179.77261329902225
178.887063859448
182.17197414904373
178.88403803796731
179.1908152264964
181.29626303586187
179.99842145749503
179.85524629402266
179.7884907602597
181.13515856954342
180.0264315055797
181.03041772262105
177.6768943725301
178.74519958217758
179.75952942815553
181.83964430545257
180.08237923951583
179.247080623639
181.71320708917278
179.81908659886346
181.42183935654978
180.57327851800395
180.58730599556617
180.0707325148186
181.76251631900644
177.48063413463203
178.80592392796925
181.7767991807789
183.30491034456995
179.92822103746641
180.17920660073904
180.55628480246017
182.82761478163653
177.94933875520542
180.21401666652443
178.93558153264513
175.8657037438273
178.7064031763461
175.59655068531848
178.65058358659527
176.2804093641261
176.68553850046658
178.2758360937772
176.5321592454711
180.32104430082808
177.88858824888666
175.83185114503138
171.97555000738578
175.4395689379103
175.39109485175558
173.73706619479321
173.95040303870437
175.08732520410967
174.65216425913525
177.57734481649098
175.03478562679553
174.8837658410448
177.39868359245082
178.10666597654432
178.34641269614912
