1312.6358128564646
1793.7178520736518
1750.9731945408853
1599.8800450100416
1650.7328958886364
1657.9916767142106
1620.4453727309253
1659.6591224079527
1623.0977948746008
1655.610281266668
1640.7702496297823
1659.761726502461
1648.9090417862965
1687.3188205251029
1699.631062570928
1708.9699136516383
1654.3295414516845
1724.4997892291215
1694.909113586606
1643.7132330270297
1732.4169390252773
1657.8584845201838
1677.9304844350045
1669.8387792927529
1642.8559988228444
1675.152656588114
1702.241026950537
1719.3924225983035
1722.658826917278
1723.8649625811754
1668.2291208148192
1680.5112932254362
1706.008919365511
1702.5256880066406
1772.8703725899004
1743.108185687301
1717.735068886406
1763.825683724045
1787.1183105848072
1753.4453618653163
1755.2802575107407
1761.1322419504252
1763.02505695874
1839.480251222931
1816.0961602564905
1817.827429464657
1862.6713449935762
1843.6452431629357
1829.4597896893854
1857.0932687830461
1861.8200184053471
1876.8807340753112
1874.4526570691207
1889.9828929090231
1883.2668733790138
1900.1928248819324
1886.5675178521758
1885.838717360863
1914.3588525078549
1894.856550128938
1899.7355433856758
1907.3872637115799
1905.5965073650625
1908.9011522429246
1907.2124429854316
1902.82054909773
1889.8979120145734
1894.2941377824804
1895.9914876381547
1905.5282654465495
1899.7844628041016
1905.670103908217
1899.6257475003981
1904.9943008323576
1902.7648446059611
1904.996678900926
1897.0989631517944
1905.4368989296404
1907.932879924729
1903.2172140239397
1898.1790103713668
1893.638018523406
1899.9494702072466
1902.01836044001
1903.6021044996835
1901.5413498250925
1903.1099650529193
1904.255561942332
1904.5427785296408
1906.961127586143
1907.8186482562435
1907.5706522873083
1909.0256337576245
1907.8035657069895
1905.9055827496013
1902.7921476518939
1906.2587022191547
1902.2840289409164
1901.8959388295739
1905.45354912174
1909.230577645836
1907.6858958983032
1909.4663629606698
1909.6251051415074
1908.4938819696674
1912.6790000730277
1912.749829704295
1913.0008824480258
1912.854309027885
1911.8524940614445
