876.6382337127854
1098.332225856783
1107.7980712167341
985.1587311735796
1007.4922202543218
1034.8346013335654
1043.4431983399215
1042.8770778560072
1027.3824570759002
1056.5036578094314
1053.920121506082
1034.8686159203298
1084.1618434878617
1078.578784410353
1038.792537604361
1073.8176798639754
1074.1085663723702
1095.5374205770377
1116.380234264879
1115.056000224445
1119.669562084901
1112.7028017591083
1131.8519104684294
1117.0450359139713
1127.364983679661
1132.493248051869
1134.6419053877516
1131.173533958087
1138.7108489096133
1137.2212956450492
1136.9521180876393
1132.6793797696946
1141.4964707835445
1140.1804866650389
1141.8038827302712
1143.759986423988
1144.6001965640269
1147.4989854579371
1149.4096296631647
1147.600104624891
1151.7286925544884
1149.2764024411497
1153.0873829339669
1151.783003258925
1152.658923545677
1153.3373929008058
1153.1283073490627
1153.5359107697066
1154.989133329858
1154.8401530947874
1155.4380127893896
1154.7800899823624
1155.3194296271852
1155.216105294548
1155.1196354198553
1156.2070684327025
1155.7124749652078
1156.4859944432778
1154.099393952586
1156.0681526456274
1154.1329440597146
1155.4660433232073
1155.2478594949291
1154.085205393234
1154.2156349478787
1155.2937740464415
1154.7918538346898
1154.8376538362477
1154.9960563000286
1155.0407245161186
1154.5788258990576
1156.491635857094
1154.4456278749356
1155.6072543852495
1156.126606062314
1155.9280162812063
1155.8742762450904
1156.4214009207271
1156.5662174416136
1156.205743403622
1155.7637435024503
1155.4004404374766
1155.1217204474963
1155.632518738308
1155.1441933125898
1156.9875632714138
1154.6585873087079
1155.0347900348652
1156.6207336508132
1155.9371213004047
1155.5886047250387
1152.7013416014554
1153.9095024901892
1148.628202986098
1152.0029542304005
1152.976356175732
1151.987689781079
1151.6479767281553
1150.483090820863
1143.2022156145947
1147.6550968956153
1148.863513388228
1151.2271331142933
1146.393198893353
1149.3510249616409
1150.6903601701
1150.972293951146
1149.058635178164
1148.3150929786325
1152.1108039424212
